filename,xmin,ymin,xmax,ymax,center_x,center_y,width,height
datasets/train/frame312_jpg.rf.0ec9f36b4607734de0c111bfc1aa1b5d.jpg,218,89,500,611,359.0,350.0,282,522
datasets/train/frame304_jpg.rf.0a7aa589b657a7ed9d16dbfaece1c467.jpg,270,132,570,640,420.0,386.0,300,508
datasets/train/frame369_jpg.rf.0b7212539280592a6d786c101957bc4f.jpg,141,246,329,578,235.0,412.0,188,332
datasets/train/frame334_jpg.rf.039d3cb63526fd2ac76c9978acf6eb8a.jpg,247,6,530,460,388.5,233.0,283,454
datasets/train/frame518_jpg.rf.0bfad89c4c99bb0ae761613fd700fc7f.jpg,162,126,384,537,273.0,331.5,222,411
datasets/train/frame306_jpg.rf.11d0709b7e4c199880ccce2f572598c1.jpg,261,127,545,640,403.0,383.5,284,513
datasets/train/frame1_jpg.rf.0902ef9db866e72560ade5d6e0e34153.jpg,310,38,506,486,408.0,262.0,196,448
datasets/train/frame550_jpg.rf.0f28492f2db9f83a6cb8a6abe69f93f6.jpg,90,70,405,632,247.5,351.0,315,562
datasets/train/frame251_jpg.rf.07c8b061546ba06e634ef72bb80268e0.jpg,318,0,559,397,438.5,198.5,241,397
datasets/train/frame414_jpg.rf.0b8a714374398ff8f1bf05ec5820c624.jpg,88,59,226,315,157.0,187.0,138,256
datasets/train/frame325_jpg.rf.09534bd48f2f89b9700060c14792009f.jpg,232,0,504,483,368.0,241.5,272,483
datasets/train/frame392_jpg.rf.0cfc3d3cd28817a2730e776909c1015b.jpg,162,421,340,640,251.0,530.5,178,219
datasets/train/frame3_jpg.rf.060514729912c42ac6bf5b160d3c22e0.jpg,295,25,509,446,402.0,235.5,214,421
datasets/train/frame399_jpg.rf.186213ca5cfed66d3fd85b83365f8a3b.jpg,99,394,250,640,174.5,517.0,151,246
datasets/train/frame373_jpg.rf.16a3aca292e2395f80f0a96998b444b2.jpg,138,174,322,486,230.0,330.0,184,312
datasets/train/frame53_jpg.rf.16e6930b73581cd6050916e25ac994e9.jpg,284,125,444,495,364.0,310.0,160,370
datasets/train/frame519_jpg.rf.06d6c3b90a69ff1bd4e6fe7912414daa.jpg,163,113,373,524,268.0,318.5,210,411
datasets/train/frame635_jpg.rf.13f9d1bb3843df457250a3eda8868ab0.jpg,299,249,454,512,376.5,380.5,155,263
datasets/train/frame13_jpg.rf.0fb45fd379080ff988da404f80403f6a.jpg,281,0,481,398,381.0,199.0,200,398
datasets/train/frame331_jpg.rf.108c715b75e569a92156a11f4f756cea.jpg,237,0,511,441,374.0,220.5,274,441
datasets/train/frame418_jpg.rf.08e46a89948dcf24e7671b9a04533b9d.jpg,93,26,247,308,170.0,167.0,154,282
datasets/train/frame250_jpg.rf.023be9726e3031bbef2fdfc98a93b975.jpg,330,0,567,401,448.5,200.5,237,401
datasets/train/frame530_jpg.rf.0826378d640013aa594d4e1629d8a761.jpg,133,92,393,564,263.0,328.0,260,472
datasets/train/frame406_jpg.rf.00c72303e843469623c89ae19630b532.jpg,56,315,196,603,126.0,459.0,140,288
datasets/train/frame247_jpg.rf.217a35a5943990acba501faaaea0cbea.jpg,314,0,553,384,433.5,192.0,239,384
datasets/train/frame238_jpg.rf.227ec6d544b8c919fb74f00480c21961.jpg,264,45,464,442,364.0,243.5,200,397
datasets/train/frame346_jpg.rf.1fde8acb06c91f17fa10790c3be48955.jpg,518,18,640,415,579.0,216.5,122,397
datasets/train/frame387_jpg.rf.21c72befda38bf66958f21b72f7fcb5c.jpg,232,206,381,477,306.5,341.5,149,271
datasets/train/frame375_jpg.rf.20fcc727af2850b28c24b7edbab0a581.jpg,152,168,327,492,239.5,330.0,175,324
datasets/train/frame332_jpg.rf.22c054d7777109815fa4e2d2a1cd961d.jpg,238,0,520,449,379.0,224.5,282,449
datasets/train/frame298_jpg.rf.242dccfbc35f0f2462a0d01b3f425134.jpg,329,154,615,640,472.0,397.0,286,486
datasets/train/frame370_jpg.rf.26af27643220558516e4b000d0be9f71.jpg,149,243,339,567,244.0,405.0,190,324
datasets/train/frame516_jpg.rf.1e8036da8bbfe1cbd95b0b683e7ed327.jpg,164,125,371,504,267.5,314.5,207,379
datasets/train/frame356_jpg.rf.2bce3521080bef5ac37b5ee622cee6c8.jpg,395,330,593,640,494.0,485.0,198,310
datasets/train/frame6_jpg.rf.1ecfab3cdabb853e727003f76cadf180.jpg,289,4,499,416,394.0,210.0,210,412
datasets/train/frame55_jpg.rf.2aa143b7c0f9d4559460e9eba73e4320.jpg,289,117,452,502,370.5,309.5,163,385
datasets/train/frame313_jpg.rf.1b232f9ddc071893d5a9c685be050745.jpg,204,81,496,594,350.0,337.5,292,513
datasets/train/frame368_jpg.rf.24832ced72c481a869eb3119f648637b.jpg,146,263,331,577,238.5,420.0,185,314
datasets/train/frame537_jpg.rf.1da60afe6c76322098a1b5e9c3aa0beb.jpg,109,66,413,575,261.0,320.5,304,509
datasets/train/frame551_jpg.rf.26dbc645a3a5f3f08abde36eba4537c8.jpg,68,62,405,640,236.5,351.0,337,578
datasets/train/frame319_jpg.rf.2ac23689a2c31d8d87f5574c49ab68cf.jpg,232,18,507,518,369.5,268.0,275,500
datasets/train/frame525_jpg.rf.2bd3e57c27efa3bd39dd7387eb4ae1ad.jpg,152,123,382,557,267.0,340.0,230,434
datasets/train/frame100_jpg.rf.23e2e0871919867450c424e0fd83476e.jpg,170,86,332,422,251.0,254.0,162,336
datasets/train/frame62_jpg.rf.29105cb8e624b75a7a9b477393923572.jpg,275,87,457,538,366.0,312.5,182,451
datasets/train/frame234_jpg.rf.2452117aa33944fecfd5fbdc1315677b.jpg,227,75,415,429,321.0,252.0,188,354
datasets/train/frame522_jpg.rf.2c7108846173fb0d82c360a0efac1d89.jpg,150,127,392,540,271.0,333.5,242,413
datasets/train/frame314_jpg.rf.2d35b5e992a45b128185f8de7742f6bb.jpg,206,77,492,595,349.0,336.0,286,518
datasets/train/frame545_jpg.rf.2ce0b871259123bef91c1bf03fec860f.jpg,80,51,410,603,245.0,327.0,330,552
datasets/train/frame103_jpg.rf.2cd6b5bb7d706fd9750c900913dab1eb.jpg,184,100,338,448,261.0,274.0,154,348
datasets/train/frame382_jpg.rf.1f3d1c99c26ef89d8e4e9a1b4798e57a.jpg,209,141,367,462,288.0,301.5,158,321
datasets/train/frame408_jpg.rf.27026912a1ebd74446f676a61cd64eb9.jpg,63,273,215,534,139.0,403.5,152,261
datasets/train/frame548_jpg.rf.3532031d946143d9695c805f942dd9c9.jpg,87,63,413,612,250.0,337.5,326,549
datasets/train/frame337_jpg.rf.35b87eb949a0d0d04bdc07b209c75db4.jpg,263,0,523,376,393.0,188.0,260,376
datasets/train/frame5_jpg.rf.2ada4fc210fabb497367796d0c51bb25.jpg,289,22,483,420,386.0,221.0,194,398
datasets/train/frame526_jpg.rf.2cb9ecb0bfe7b30d7ce1e0f8cbcc610d.jpg,151,123,391,550,271.0,336.5,240,427
datasets/train/frame422_jpg.rf.3194864206d46f493d90d6eaf2f19bf6.jpg,114,3,252,221,183.0,112.0,138,218
datasets/train/frame15_jpg.rf.310436c5eef5077d7993926b72fa738d.jpg,314,15,491,397,402.5,206.0,177,382
datasets/train/frame527_jpg.rf.397a2c6ab28b45300b8e647705f1a955.jpg,150,116,396,554,273.0,335.0,246,438
datasets/train/frame542_jpg.rf.360df2cd128559f39bdb882227744501.jpg,94,56,410,613,252.0,334.5,316,557
datasets/train/frame10_jpg.rf.33a7304d71027f7226bb9f1e09183e8f.jpg,282,0,476,388,379.0,194.0,194,388
datasets/train/frame248_jpg.rf.37d1164c502c2327001b5e1cbed4ae6d.jpg,318,0,547,384,432.5,192.0,229,384
datasets/train/frame228_jpg.rf.321a927682f11911fbf70c1cde4f49da.jpg,154,54,350,399,252.0,226.5,196,345
datasets/train/frame227_jpg.rf.3d1275f8d65c13c2693fba46e87ccbca.jpg,155,55,327,406,241.0,230.5,172,351
datasets/train/frame513_jpg.rf.36423a4c4bb6dcaa2f17271dc2606ba9.jpg,169,116,383,511,276.0,313.5,214,395
datasets/train/frame330_jpg.rf.1c98fb241ef7244529e31e1c8f7e6d34.jpg,233,6,503,451,368.0,228.5,270,445
datasets/train/frame305_jpg.rf.3067fef962d3e3c5f508f7f1b254664e.jpg,270,126,555,640,412.5,383.0,285,514
datasets/train/frame301_jpg.rf.2ebce3e8c76906486bd2e5e33cc676da.jpg,299,141,591,640,445.0,390.5,292,499
datasets/train/frame358_jpg.rf.3c1ddedc7b1390be592a42b2cc33116a.jpg,292,364,504,640,398.0,502.0,212,276
datasets/train/frame253_jpg.rf.3ea62d021aa2741e1c86432dd9b66890.jpg,327,1,581,441,454.0,221.0,254,440
datasets/train/frame299_jpg.rf.4667389dfb658ba668efe75e4ac8b1b1.jpg,308,160,610,640,459.0,400.0,302,480
datasets/train/frame538_jpg.rf.30da14beaa0af5ecfcc66d94f77b7157.jpg,107,51,415,589,261.0,320.0,308,538
datasets/train/frame333_jpg.rf.4d1d478709f4cfb398328477eb3ef1ab.jpg,252,0,516,521,384.0,260.5,264,521
datasets/train/frame255_jpg.rf.4f8ab1a7f9b9544fd6426da44edcf7fd.jpg,325,0,590,422,457.5,211.0,265,422
datasets/train/frame371_jpg.rf.49e175b1e960de2f37629a56db22936b.jpg,162,245,336,552,249.0,398.5,174,307
datasets/train/frame56_jpg.rf.3c5ad59ac561c544902a863f055db690.jpg,270,99,449,522,359.5,310.5,179,423
datasets/train/frame383_jpg.rf.4e8adf71ca0dc6eaccc63ef5d6e6ec1f.jpg,229,158,391,462,310.0,310.0,162,304
datasets/train/frame58_jpg.rf.3e33e63a1fa5287dc0725e3188712dda.jpg,287,100,445,514,366.0,307.0,158,414
datasets/train/frame324_jpg.rf.4b33661f9dbdc9d0b4da6a3ee98f9072.jpg,222,0,499,523,360.5,261.5,277,523
datasets/train/frame232_jpg.rf.4a229d58c5b5729f23fec66885ae906f.jpg,207,72,394,409,300.5,240.5,187,337
datasets/train/frame533_jpg.rf.427da3340d5e8d22a950b158ddfc408d.jpg,130,84,392,571,261.0,327.5,262,487
datasets/train/frame309_jpg.rf.53099daff4b6f0856c2453c6ab7ec3cc.jpg,247,112,525,615,386.0,363.5,278,503
datasets/train/frame311_jpg.rf.4b6b68c37d1b4c856ee02bb8a39c1bbf.jpg,219,101,507,633,363.0,367.0,288,532
datasets/train/frame412_jpg.rf.4fadd3912aef79f3f91320e28eb46667.jpg,94,118,223,367,158.5,242.5,129,249
datasets/train/frame535_jpg.rf.4dc58dc1cf9bd0ed987792e7976b2821.jpg,132,71,411,571,271.5,321.0,279,500
datasets/train/frame48_jpg.rf.54f2e1e47f396addfeb1efd7fdc02484.jpg,280,98,443,500,361.5,299.0,163,402
datasets/train/frame388_jpg.rf.4badd8de7b928df0bd9b4dc36563f89a.jpg,222,224,375,511,298.5,367.5,153,287
datasets/train/frame101_jpg.rf.4f10d39ae3833aa7f3f840bc162b2b9f.jpg,178,96,332,407,255.0,251.5,154,311
datasets/train/frame547_jpg.rf.57e2f50ed2e77aa297e8f8bfb1d145a1.jpg,93,55,405,607,249.0,331.0,312,552
datasets/train/frame416_jpg.rf.53e0db39ff5e13257735a21ec7320e14.jpg,88,48,224,300,156.0,174.0,136,252
datasets/train/frame394_jpg.rf.3d0e534aa45d669831bcf9428dd4f851.jpg,153,436,337,640,245.0,538.0,184,204
datasets/train/frame544_jpg.rf.54c781990c670f817da77301e4b1cfaa.jpg,104,44,406,614,255.0,329.0,302,570
datasets/train/frame242_jpg.rf.4a4ce1fe7109e752cba65d55fa93d786.jpg,298,27,508,437,403.0,232.0,210,410
datasets/train/frame60_jpg.rf.51764e7ecc7a0e459d20590141fd107b.jpg,278,62,455,534,366.5,298.0,177,472
datasets/train/frame300_jpg.rf.3c26694ef34266d61b3c0d20831171a7.jpg,303,148,595,640,449.0,394.0,292,492
datasets/train/frame345_jpg.rf.5577ad92aba4716ba1d953783f974ee0.jpg,495,0,640,395,567.5,197.5,145,395
datasets/train/frame54_jpg.rf.62528275d532dfe2fc421dc805ea969b.jpg,279,105,441,518,360.0,311.5,162,413
datasets/train/frame365_jpg.rf.60e4bcd0942a5bf1e41077b5fd362918.jpg,174,282,359,612,266.5,447.0,185,330
datasets/train/frame540_jpg.rf.6378c675aee17c1b0df560638c0a8688.jpg,114,33,406,607,260.0,320.0,292,574
datasets/train/frame541_jpg.rf.5e48eb219129f26d7d75d1cdff2229d9.jpg,100,47,422,587,261.0,317.0,322,540
datasets/train/frame374_jpg.rf.68cbbfce9205ff9d4654c27c63bfc189.jpg,136,185,328,491,232.0,338.0,192,306
datasets/train/frame233_jpg.rf.694f3cf423e9ce1ef53f2c378efd5328.jpg,218,80,403,420,310.5,250.0,185,340
datasets/train/frame241_jpg.rf.635a69a9995fa8037a6bd743b43b4ba1.jpg,292,33,493,423,392.5,228.0,201,390
datasets/train/frame50_jpg.rf.60217ed46b9f7f377333cceb2a6c1b79.jpg,279,102,436,487,357.5,294.5,157,385
datasets/train/frame384_jpg.rf.68c69c19e09d0dbc74f70e3d356e13bd.jpg,223,160,382,453,302.5,306.5,159,293
datasets/train/frame372_jpg.rf.644e81b932abaceb534afa15637ad353.jpg,145,206,321,527,233.0,366.5,176,321
datasets/train/frame417_jpg.rf.6cbbd76213fa43e26bb0f3e0762a3716.jpg,93,61,231,283,162.0,172.0,138,222
datasets/train/frame244_jpg.rf.6409eeb3f8ce5c6f2403f39337878992.jpg,315,9,520,384,417.5,196.5,205,375
datasets/train/frame523_jpg.rf.70cc42d7f55a6375d2d84090eade6a5a.jpg,155,100,392,542,273.5,321.0,237,442
datasets/train/frame420_jpg.rf.6770b549a191448a5407767d9507c3a9.jpg,102,22,230,255,166.0,138.5,128,233
datasets/train/frame350_jpg.rf.73e15c0e771a5497a9c1ceabb07f573c.jpg,531,14,640,640,585.5,327.0,109,626
datasets/train/frame413_jpg.rf.760fdae63c7b290c60554d32529921e8.jpg,92,92,226,336,159.0,214.0,134,244
datasets/train/frame12_jpg.rf.7470ac9c05f13a27596cdac27733f17b.jpg,283,0,482,407,382.5,203.5,199,407
datasets/train/frame310_jpg.rf.613c410b54ff8bea8b1049b967e79c25.jpg,220,92,516,628,368.0,360.0,296,536
datasets/train/frame419_jpg.rf.790eb8566bf8081457299d4f01332df0.jpg,89,44,235,258,162.0,151.0,146,214
datasets/train/frame532_jpg.rf.6b045b12d9910e95d57656f4a1f04a8d.jpg,123,95,393,582,258.0,338.5,270,487
datasets/train/frame352_jpg.rf.79a1920f197c47c0fafcb06e09bcfe63.jpg,496,216,640,640,568.0,428.0,144,424
datasets/train/frame415_jpg.rf.5f371b109c2d4c2571021107041b2a75.jpg,94,53,231,295,162.5,174.0,137,242
datasets/train/frame14_jpg.rf.79d4f7298fa71c06c65be631aa966342.jpg,298,12,490,397,394.0,204.5,192,385
datasets/train/frame326_jpg.rf.7b59c48b118d7ec96d525124e758fe88.jpg,228,0,508,471,368.0,235.5,280,471
datasets/train/frame57_jpg.rf.7297f2881c300370b391b8400b1a0a20.jpg,269,107,456,501,362.5,304.0,187,394
datasets/train/frame359_jpg.rf.66c8c32799c0bfa145d690eba1182ff3.jpg,256,367,470,640,363.0,503.5,214,273
datasets/train/frame0_jpg.rf.6f4bffa9f562cb9d5483da2a5ac1c6ca.jpg,277,38,505,502,391.0,270.0,228,464
datasets/train/frame402_jpg.rf.782dc8cf2bddf3f2f35d88773a7e09b2.jpg,62,359,220,620,141.0,489.5,158,261
datasets/train/frame249_jpg.rf.7a3facaa1488e29afbeef4818951db9f.jpg,323,0,558,397,440.5,198.5,235,397
datasets/train/frame2_jpg.rf.7b208fae6673cc1ab3d234e6f596a763.jpg,308,68,500,459,404.0,263.5,192,391
datasets/train/frame363_jpg.rf.5efba4973230d061ead342ae4c1e0458.jpg,179,320,367,640,273.0,480.0,188,320
datasets/train/frame335_jpg.rf.6b105e5cdface5d8af18b668d839a96c.jpg,252,0,516,425,384.0,212.5,264,425
datasets/train/frame390_jpg.rf.6a096ca34b2d272061f1965afc613c50.jpg,223,325,373,626,298.0,475.5,150,301
datasets/train/frame362_jpg.rf.78172c825bd9a41c429445fe7d98c3e3.jpg,171,346,387,640,279.0,493.0,216,294
datasets/train/frame389_jpg.rf.6450d8fedc0eafbb9053bcc41050d484.jpg,211,268,373,560,292.0,414.0,162,292
datasets/train/frame229_jpg.rf.7bf602f508efd24891a1217214a54c00.jpg,169,64,363,436,266.0,250.0,194,372
datasets/train/frame263_jpg.rf.7e2bb4ee84de631194cfdd742ebd1fd0.jpg,288,0,565,440,426.5,220.0,277,440
datasets/train/frame361_jpg.rf.7ad041c6c72d9beb7d890b5b420a2c10.jpg,170,347,384,640,277.0,493.5,214,293
datasets/train/frame521_jpg.rf.6aebbc91e9805861835e4b85c9b05237.jpg,142,98,390,528,266.0,313.0,248,430
datasets/train/frame409_jpg.rf.81622e2594dc1eaa3b6bfb146df5529a.jpg,60,243,207,493,133.5,368.0,147,250
datasets/train/frame534_jpg.rf.829feac417422a6a2fe67f4d4d86a5d7.jpg,123,56,405,585,264.0,320.5,282,529
datasets/train/frame230_jpg.rf.80e7434e5ad3e7af9852bec67ce2b288.jpg,175,59,371,428,273.0,243.5,196,369
datasets/train/frame549_jpg.rf.53a5b2e40ca536c365e354a5e23a4287.jpg,63,61,428,609,245.5,335.0,365,548
datasets/train/frame379_jpg.rf.81d4bbf77d281176999d3ffaaf8b36a4.jpg,164,167,328,473,246.0,320.0,164,306
datasets/train/frame376_jpg.rf.80bc1acd93678615b755fc620d04d961.jpg,148,154,308,477,228.0,315.5,160,323
datasets/train/frame529_jpg.rf.7c992b6daa354a58d686f682d01c051b.jpg,139,110,396,576,267.5,343.0,257,466
datasets/train/frame403_jpg.rf.7f888e110df35d68b88a185bda7b32d3.jpg,53,366,210,631,131.5,498.5,157,265
datasets/train/frame322_jpg.rf.7c9b7e2557fb046d54e3e92e700a138b.jpg,218,2,515,523,366.5,262.5,297,521
datasets/train/frame377_jpg.rf.8345ba6c972f0e2677a9f49f7373af56.jpg,137,166,321,462,229.0,314.0,184,296
datasets/train/frame254_jpg.rf.925346060303a6ad1208f4d61871f97f.jpg,329,0,586,434,457.5,217.0,257,434
datasets/train/frame258_jpg.rf.8f285dff00e9042125a6c7b06e402fab.jpg,313,0,579,447,446.0,223.5,266,447
datasets/train/frame235_jpg.rf.89ded5af6877aa26470bee2d19edd0f0.jpg,226,72,434,422,330.0,247.0,208,350
datasets/train/frame348_jpg.rf.85d5a91146545b32f24649879a852a8b.jpg,578,20,640,386,609.0,203.0,62,366
datasets/train/frame343_jpg.rf.8edb7e05179c9b61707d1325982c8506.jpg,451,0,640,409,545.5,204.5,189,409
datasets/train/frame243_jpg.rf.8db5f52df1150dfba47e0f54adb1c99c.jpg,312,7,516,407,414.0,207.0,204,400
datasets/train/frame252_jpg.rf.948fd59f27b4fb27033404a5daed64bf.jpg,312,0,570,423,441.0,211.5,258,423
datasets/train/frame260_jpg.rf.89aff4c149113a6e1c6ca3954aafe814.jpg,311,5,589,463,450.0,234.0,278,458
datasets/train/frame225_jpg.rf.9474bce91f09ffc1e3cd763e62a0145c.jpg,135,45,301,383,218.0,214.0,166,338
datasets/train/frame407_jpg.rf.978fd76bfef553701eb51bb098bde2c9.jpg,58,309,204,549,131.0,429.0,146,240
datasets/train/frame381_jpg.rf.8f7cbae3b7e20e13241e0472d2604a44.jpg,184,155,348,461,266.0,308.0,164,306
datasets/train/frame323_jpg.rf.8a28beb138672c442b0f3fe757f71213.jpg,230,0,500,546,365.0,273.0,270,546
datasets/train/frame423_jpg.rf.96fa51dbf29b6d8ccbc021d8879d8269.jpg,116,0,248,227,182.0,113.5,132,227
datasets/train/frame261_jpg.rf.8305690e3c5c0bcebd19f7632c27220e.jpg,308,0,616,482,462.0,241.0,308,482
datasets/train/frame307_jpg.rf.8f1d60ab12ca698e4edddcb66b6f01d6.jpg,262,128,538,640,400.0,384.0,276,512
datasets/train/frame303_jpg.rf.9b97091d8571bb7a5b60b9d570f43722.jpg,297,138,580,640,438.5,389.0,283,502
datasets/train/frame398_jpg.rf.9724973c7054f2a5e9315477304da34a.jpg,107,410,276,640,191.5,525.0,169,230
datasets/train/frame512_jpg.rf.9de4d40c8db59188c0720c768edb2789.jpg,181,107,378,501,279.5,304.0,197,394
datasets/train/frame410_jpg.rf.9e12a5f6ea1c1e540384f7965b6a4161.jpg,73,137,207,442,140.0,289.5,134,305
datasets/train/frame246_jpg.rf.98f1aa6a1d25a0626dd113cd1e2d2f9f.jpg,303,0,543,396,423.0,198.0,240,396
datasets/train/frame528_jpg.rf.9fa72bc3d7db00f1f3546d3507c5a211.jpg,140,97,392,571,266.0,334.0,252,474
datasets/train/frame340_jpg.rf.9865cc0ea25a8269d4435dbf4079d743.jpg,310,0,582,388,446.0,194.0,272,388
datasets/train/frame517_jpg.rf.a444448fe4d8c831cffa7e7b1c56489a.jpg,157,121,377,524,267.0,322.5,220,403
datasets/train/frame239_jpg.rf.9f3621d6f3250beb70078785e8951369.jpg,270,43,475,437,372.5,240.0,205,394
datasets/train/frame353_jpg.rf.9c3a39fd0afddd9bc4f0ffb8e82b88f7.jpg,488,273,640,640,564.0,456.5,152,367
datasets/train/frame245_jpg.rf.99f4e235ad2acf3caf823ae26c575d73.jpg,304,8,528,405,416.0,206.5,224,397
datasets/train/frame366_jpg.rf.9f8b145ec263ff8d7a627280715ddd89.jpg,166,284,350,634,258.0,459.0,184,350
datasets/train/frame52_jpg.rf.a408864271d8790a15afbbf4529802ec.jpg,283,131,449,506,366.0,318.5,166,375
datasets/train/frame336_jpg.rf.97fc36e1f7ddc0b6204fa2db995944c3.jpg,245,0,518,445,381.5,222.5,273,445
datasets/train/frame102_jpg.rf.a4cdee11fc7980273d05c9be0d003908.jpg,179,94,337,398,258.0,246.0,158,304
datasets/train/frame546_jpg.rf.aecb26df1f942fe05c97affb0c7230ff.jpg,93,55,405,630,249.0,342.5,312,575
datasets/train/frame360_jpg.rf.b1c02c1d97a81edf2ca1bf3d6d4b1d54.jpg,192,368,416,640,304.0,504.0,224,272
datasets/train/frame539_jpg.rf.af5bf0afec31409a8dcab0e1bb0f21f4.jpg,113,53,411,600,262.0,326.5,298,547
datasets/train/frame344_jpg.rf.adc59db9b45e95c35bffc8933732fbd0.jpg,454,0,640,447,547.0,223.5,186,447
datasets/train/frame236_jpg.rf.a6a9b7c0f8b99d48210feaa6399d7997.jpg,253,47,445,430,349.0,238.5,192,383
datasets/train/frame237_jpg.rf.ba250b3cefba255252e3d045fedfe7a9.jpg,258,56,448,431,353.0,243.5,190,375
datasets/train/frame351_jpg.rf.b937ffd08403efc428d4ab5fa3510764.jpg,527,138,640,640,583.5,389.0,113,502
datasets/train/frame364_jpg.rf.b811af27ae82c75d07bcd64ce019dc3f.jpg,182,305,360,640,271.0,472.5,178,335
datasets/train/frame354_jpg.rf.aa11a34118783947ef8558ba9d71807a.jpg,450,281,640,640,545.0,460.5,190,359
datasets/train/frame342_jpg.rf.afacfc19d98a33af74b9e1ea7c97bfb8.jpg,438,0,640,345,539.0,172.5,202,345
datasets/train/frame256_jpg.rf.ae08a9b4586073f97b3d6b684a2835f4.jpg,324,0,588,455,456.0,227.5,264,455
datasets/train/frame524_jpg.rf.ae6e1f3d7013775491a570ddbb0d74af.jpg,151,110,388,559,269.5,334.5,237,449
datasets/train/frame536_jpg.rf.bb72dd2f622deae442ecf9f500404791.jpg,123,84,407,582,265.0,333.0,284,498
datasets/train/frame4_jpg.rf.c2aee02765c2b4b55d75a2d6b8581272.jpg,297,42,487,427,392.0,234.5,190,385
datasets/train/frame385_jpg.rf.bf65423811dca1f86c47cad74f0746d1.jpg,218,162,372,446,295.0,304.0,154,284
datasets/train/frame308_jpg.rf.c2de4e9a4dd7730a38b192b29a5a1290.jpg,256,121,542,636,399.0,378.5,286,515
datasets/train/frame259_jpg.rf.bfce73533534c6db2783b5ba0e41782b.jpg,321,0,588,460,454.5,230.0,267,460
datasets/train/frame224_jpg.rf.c6d526b7d2f3233e2d1ab7cc5a73958f.jpg,115,44,296,361,205.5,202.5,181,317
datasets/train/frame317_jpg.rf.c7768adb31989c516aef27cc839d7be3.jpg,237,14,527,559,382.0,286.5,290,545
datasets/train/frame393_jpg.rf.c3b263b180bda7cd501b25a7547d423f.jpg,156,434,322,640,239.0,537.0,166,206
datasets/train/frame262_jpg.rf.c098274b8f0d6240ee28783189657e58.jpg,293,0,589,462,441.0,231.0,296,462
datasets/train/frame543_jpg.rf.bbdfc882dbeedce658724956eca55d89.jpg,98,56,420,609,259.0,332.5,322,553
datasets/train/frame341_jpg.rf.c097ccae13e505fef98e684012bf819a.jpg,369,3,640,381,504.5,192.0,271,378
datasets/train/frame411_jpg.rf.d55d232df8d5c7765b011e0552b0f095.jpg,88,128,219,386,153.5,257.0,131,258
datasets/train/frame316_jpg.rf.c9a4475260ad4d71d0f6d5f14c70e707.jpg,239,27,523,542,381.0,284.5,284,515
datasets/train/frame347_jpg.rf.d3dcddfec092ceb1458b0a69a5273cd9.jpg,546,6,640,433,593.0,219.5,94,427
datasets/train/frame329_jpg.rf.cdaa30d650ee55ff8e50bfad44fbb641.jpg,229,0,508,459,368.5,229.5,279,459
datasets/train/frame514_jpg.rf.cab662f7910e18b8c854ab1925238d41.jpg,176,117,376,489,276.0,303.0,200,372
datasets/train/frame321_jpg.rf.cb9f1ae551d9eb1579b13b2493ebb90c.jpg,248,23,512,545,380.0,284.0,264,522
datasets/train/frame400_jpg.rf.c7523c47a3f9025faf253e3118ff82b9.jpg,79,379,234,640,156.5,509.5,155,261
datasets/train/frame231_jpg.rf.ba63ee1744f611b4ab193298687ffb40.jpg,188,73,380,432,284.0,252.5,192,359
datasets/train/frame240_jpg.rf.d22b769ee5f1228fe929b9323e74b113.jpg,279,29,483,433,381.0,231.0,204,404
datasets/train/frame634_jpg.rf.d4d451cdc0778fb19b0b9bbb06537218.jpg,293,240,447,563,370.0,401.5,154,323
datasets/train/frame367_jpg.rf.c87aaa769e9d6230a797e6a3cdededf3.jpg,160,281,343,596,251.5,438.5,183,315
datasets/train/frame633_jpg.rf.d628515147dec20c016cfdb2dbbcd978.jpg,285,264,453,564,369.0,414.0,168,300
datasets/train/frame520_jpg.rf.ddc9194e7a0672f7bfffb423dba8131d.jpg,162,108,388,542,275.0,325.0,226,434
datasets/train/frame380_jpg.rf.de98c571944966cc866f65a5d31c086e.jpg,166,167,334,476,250.0,321.5,168,309
datasets/train/frame405_jpg.rf.d8fcb9dffc1f3021b8a1b4160b1584b0.jpg,61,352,216,612,138.5,482.0,155,260
datasets/train/frame296_jpg.rf.d5da453c05bb20e31d83590c111c8ff1.jpg,323,166,633,640,478.0,403.0,310,474
datasets/train/frame401_jpg.rf.eb3acaf03df7c352f91aa5c88f3498f3.jpg,62,368,234,622,148.0,495.0,172,254
datasets/train/frame51_jpg.rf.de3e747545a6e98e5172c09d41db6953.jpg,283,94,443,481,363.0,287.5,160,387
datasets/train/frame355_jpg.rf.d88f6b1fc69be43afffc17cb3b77b8ef.jpg,379,303,640,640,509.5,471.5,261,337
datasets/train/frame531_jpg.rf.e90dc4a8f261bb5b24c45d2f1fb4b552.jpg,122,95,402,570,262.0,332.5,280,475
datasets/train/frame320_jpg.rf.e2c89d16aab748157136c72ae214f568.jpg,240,21,514,540,377.0,280.5,274,519
datasets/train/frame302_jpg.rf.d86a78f16a683ee0fc245d228649b400.jpg,281,157,575,640,428.0,398.5,294,483
datasets/train/frame226_jpg.rf.c9bc670386324a357492f92743de29b4.jpg,111,35,318,397,214.5,216.0,207,362
datasets/train/frame327_jpg.rf.e10b1f2a29d7ee5a8c728a19c8a1fff8.jpg,228,0,496,463,362.0,231.5,268,463
datasets/train/frame396_jpg.rf.eb0dd493be09a471ff737156c0b5610c.jpg,114,428,292,640,203.0,534.0,178,212
datasets/train/frame421_jpg.rf.d6ec2633f6e7fe40bc8d88164e9a689c.jpg,100,1,236,256,168.0,128.5,136,255
datasets/train/frame637_jpg.rf.ecccb1f764a6f607d43ed2369b3540bc.jpg,276,206,460,519,368.0,362.5,184,313
datasets/train/frame339_jpg.rf.d4d4947a88fa8b0d05492624e0f07fa0.jpg,285,5,574,352,429.5,178.5,289,347
datasets/train/frame49_jpg.rf.ed0efbe0e1b8ddc5ac51418c4df99668.jpg,278,73,448,468,363.0,270.5,170,395
datasets/train/frame297_jpg.rf.ed6cacfcf00be522d25b64a69dab80ca.jpg,314,148,624,640,469.0,394.0,310,492
datasets/train/frame328_jpg.rf.f072c8d222b45b0cf8efb65dd81d0c92.jpg,221,0,501,452,361.0,226.0,280,452
datasets/train/frame11_jpg.rf.e78a0ae731f4cd0173420b5308b91dfe.jpg,283,0,483,402,383.0,201.0,200,402
datasets/train/frame338_jpg.rf.eec3f76e2008e5ee22e4db624319f78a.jpg,270,0,555,404,412.5,202.0,285,404
datasets/train/frame315_jpg.rf.cae3eb44aeb60e21b4b7b04866a212e4.jpg,218,37,503,559,360.5,298.0,285,522
datasets/train/frame515_jpg.rf.e525a985b219a89486c935aa77ecb312.jpg,180,134,379,530,279.5,332.0,199,396
datasets/train/frame357_jpg.rf.e60d9e4eb11fc7fead35071a12b813ed.jpg,342,336,572,640,457.0,488.0,230,304
datasets/train/frame378_jpg.rf.f258fbabc1028276760e6481f614b862.jpg,157,175,330,467,243.5,321.0,173,292
datasets/train/frame257_jpg.rf.fa73702fe311775b615b0c93a41fa03f.jpg,325,0,589,467,457.0,233.5,264,467
datasets/train/frame349_jpg.rf.f9c5719009e4a443648d6fc16d7c39e4.jpg,563,42,640,446,601.5,244.0,77,404
datasets/train/frame318_jpg.rf.f7322b7657b46b397b2c91fb4f8d2001.jpg,235,4,520,522,377.5,263.0,285,518
datasets/train/frame404_jpg.rf.fd5c7351a69cd189eecaf52680afb2b7.jpg,68,368,220,621,144.0,494.5,152,253
datasets/train/frame414_jpg.rf.9ffd98bc71ea517fc7975838e5df6a05.jpg,333,87,570,226,451.5,156.5,237,139
datasets/train/Image_148_png_jpg.rf.a0b09ff6308cd1ff108351b09b19b37f.jpg,49,50,564,589,306.5,319.5,515,539
datasets/train/indir-2-_jpeg_jpg.rf.a385776be7dc537855288fc84c60bb41.jpg,33,0,608,633,320.5,316.5,575,633
datasets/train/1645884647_44-kartinkin-net-p-krug-kartinki-45_png_jpg.rf.a21f1bf36d040a951cfb3a9f3ce5b1d7.jpg,0,2,638,639,319.0,320.5,638,637
datasets/train/-15-_png_jpg.rf.a1f57628d8875345bda7b8ab39785147.jpg,190,291,493,509,341.5,400.0,303,218
datasets/train/circle-frame-with-green-grass-vector-5610980_jpeg_jpg.rf.a1c4a40abc35cc780edc5918c6143681.jpg,124,153,517,524,320.5,338.5,393,371
datasets/train/frame418_jpg.rf.a2449defee0b0b44aca7630dd2d3946a.jpg,96,41,233,278,164.5,159.5,137,237
datasets/train/red-circle-download-png-6_png_jpg.rf.a21950ad3a03ab3ef4948647a6390edd.jpg,21,18,618,617,319.5,317.5,597,599
datasets/train/images-3-_png_jpg.rf.a13b747f412ae2bbf1b84c53ab05dd08.jpg,1,0,634,636,317.5,318.0,633,636
datasets/train/Image_147_jpg.rf.a15ea6c410b98e3ed987ae528b12df4b.jpg,76,101,404,536,240.0,318.5,328,435
datasets/train/circle-1-01-2_png_jpg.rf.a29d283a946b76295819a5d58ef6beca.jpg,26,175,619,379,322.5,277.0,593,204
datasets/train/Ekran-goruntusu-2024-04-17-191639_png_jpg.rf.9fe137ef69b6e74a7bd572363467e5ce.jpg,25,39,521,514,273.0,276.5,496,475
datasets/train/png-transparent-circle-circles-blue-logo-grey-thumbnail_png_jpg.rf.9f8a4ba9884f467c38331fcb63fbab4a.jpg,0,1,638,640,319.0,320.5,638,639
datasets/train/images_jpg.rf.a13b7f2002c86c1307610af5d3abd429.jpg,99,194,542,450,320.5,322.0,443,256
datasets/train/-34-_png_jpg.rf.a1c6b0a13e4f8af0d6d2e9fa4f7c3041.jpg,349,58,594,594,471.5,326.0,245,536
datasets/train/indir-2-_jpeg_jpg.rf.9f627e897b5f5535cf24b9c9363fbea5.jpg,0,1,638,633,319.0,317.0,638,632
datasets/train/png-clipart-circle-circle-frame-circle-frame-black-thumbnail_png_jpg.rf.a0573222ccf69ba881542693ca4ade32.jpg,1,2,639,640,320.0,321.0,638,638
datasets/train/images-3-_png_jpg.rf.a20c13d8bbe36a0631014bb3876d1efb.jpg,10,13,625,628,317.5,320.5,615,615
datasets/train/arquivo-de-corte-topo-de-bolo-circular-arcos-floral_jpeg_jpg.rf.a1afff378d09b0873d9bf1bfba457d3e.jpg,153,449,413,634,283.0,541.5,260,185
datasets/train/arquivo-de-corte-topo-de-bolo-circular-arcos-floral_jpeg_jpg.rf.a1afff378d09b0873d9bf1bfba457d3e.jpg,29,170,251,326,140.0,248.0,222,156
datasets/train/arquivo-de-corte-topo-de-bolo-circular-arcos-floral_jpeg_jpg.rf.a1afff378d09b0873d9bf1bfba457d3e.jpg,457,86,621,210,539.0,148.0,164,124
datasets/train/arquivo-de-corte-topo-de-bolo-circular-arcos-floral_jpeg_jpg.rf.a1afff378d09b0873d9bf1bfba457d3e.jpg,260,165,470,316,365.0,240.5,210,151
datasets/train/arquivo-de-corte-topo-de-bolo-circular-arcos-floral_jpeg_jpg.rf.a1afff378d09b0873d9bf1bfba457d3e.jpg,21,10,224,155,122.5,82.5,203,145
datasets/train/arquivo-de-corte-topo-de-bolo-circular-arcos-floral_jpeg_jpg.rf.a1afff378d09b0873d9bf1bfba457d3e.jpg,244,5,459,161,351.5,83.0,215,156
datasets/train/arquivo-de-corte-topo-de-bolo-circular-arcos-floral_jpeg_jpg.rf.a1afff378d09b0873d9bf1bfba457d3e.jpg,273,330,448,457,360.5,393.5,175,127
datasets/train/arquivo-de-corte-topo-de-bolo-circular-arcos-floral_jpeg_jpg.rf.a1afff378d09b0873d9bf1bfba457d3e.jpg,433,407,627,549,530.0,478.0,194,142
datasets/train/indir-2-_jpeg_jpg.rf.a285c6ba507163861d0663011a45aca0.jpg,25,0,638,634,331.5,317.0,613,634
datasets/train/images-3-_jpg.rf.a26c0a88e06d0bd9fac8dc732cbf2577.jpg,53,83,586,555,319.5,319.0,533,472
datasets/train/images-3-_png_jpg.rf.a185d161d8de071f3c1e57e9102e82dd.jpg,1,0,634,636,317.5,318.0,633,636
datasets/train/images-1-_png_jpg.rf.a3ccae1a28e01b6403b095764ac823e5.jpg,114,160,527,483,320.5,321.5,413,323
datasets/train/2048px-Red-circle-svg_png_jpg.rf.a3f38b55211061c2150650692a8637a9.jpg,81,82,560,560,320.5,321.0,479,478
datasets/train/images_jpg.rf.a515fc600efc89a5211fc4a622ed917a.jpg,190,99,446,542,318.0,320.5,256,443
datasets/train/png-transparent-circle-red-circle-orange-wikimedia-commons-sphere-thumbnail_png_jpg.rf.a3da5c91b928e5d773c951a10618e6ee.jpg,0,3,637,639,318.5,321.0,637,636
datasets/train/Image_227_jpg.rf.a454cca1165b87d5599be5f778288c57.jpg,19,14,491,627,255.0,320.5,472,613
datasets/train/Image_227_jpg.rf.a454cca1165b87d5599be5f778288c57.jpg,475,415,632,621,553.5,518.0,157,206
datasets/train/png-transparent-circle-circle-education-science-green-circle_png_jpg.rf.a2f829af18d0318818950e04d1b6d323.jpg,105,70,534,566,319.5,318.0,429,496
datasets/train/images_jpg.rf.a4b9bad74cc1bfba7537141132113927.jpg,103,181,537,459,320.0,320.0,434,278
datasets/train/indir-1-_jpeg_jpg.rf.a4c5e607a9ac405a15a699c628e3ed8e.jpg,3,1,633,636,318.0,318.5,630,635
datasets/train/blue-circle-8_png_jpg.rf.a3d98f798f3377714e0ac85397dcf1ad.jpg,0,0,639,639,319.5,319.5,639,639
datasets/train/png-transparent-circle-circle-purple-blue-sphere-thumbnail_png_jpg.rf.a4ca523a292e159ce37dfad3c362251e.jpg,4,3,613,629,308.5,316.0,609,626
datasets/train/images-3-_jpg.rf.a556e1386d6095a631ed93a4bcbb14fa.jpg,83,54,555,587,319.0,320.5,472,533
datasets/train/-25-_png_jpg.rf.a6590ce3d41c3d21edbee8b1c079a62b.jpg,272,3,567,422,419.5,212.5,295,419
datasets/train/Image_156_jpg.rf.a5a776c1a177a4607acb0ad33d16cca7.jpg,43,45,593,596,318.0,320.5,550,551
datasets/train/realistic-golden-frame_23-2149229676_jpeg_jpg.rf.a6f8ab9b8369d52111b611e7b7aedf4f.jpg,121,112,556,549,338.5,330.5,435,437
datasets/train/Image_224_png_jpg.rf.a3d76b577a79e87a0ced9043ffc80f4e.jpg,43,35,609,598,326.0,316.5,566,563
datasets/train/blue-circle-8_png_jpg.rf.a5d22bdfed0de5cd616cd71506a6bc2a.jpg,1,0,640,639,320.5,319.5,639,639
datasets/train/indir-5-_jpeg_jpg.rf.a7dded592361bca677131b575a0889e7.jpg,79,69,559,551,319.0,310.0,480,482
datasets/train/kisspng-circle-area-black-and-white-pattern-circle-png-hd-5a71f9ae94d270-8080753315174189266096_jpeg_jpg.rf.a3a9464a48cc331df07da4f3de96dc72.jpg,79,77,561,559,320.0,318.0,482,482
datasets/train/indir-3-_jpeg_jpg.rf.a62832cf264ac23005d869d49f66d932.jpg,11,32,609,614,310.0,323.0,598,582
datasets/train/Image_10_png_jpg.rf.a729085ef756c4c4509d2dbaa15153fe.jpg,92,90,548,547,320.0,318.5,456,457
datasets/train/images-12-_jpeg_jpg.rf.a8062cc28db4238906a0846ec4256152.jpg,43,26,600,607,321.5,316.5,557,581
datasets/train/cc471efd3a9cb9e7a8980eb20a346efc_jpeg_jpg.rf.a7f805dd4c0881e14641e492a76953fa.jpg,76,67,568,567,322.0,317.0,492,500
datasets/train/images-10-_jpeg_jpg.rf.a704c0d54471a02651b3f17d94401448.jpg,64,64,574,577,319.0,320.5,510,513
datasets/train/indir-3-_jpg.rf.a77d81ce5a1c36b30da02e3d911eff4f.jpg,3,3,632,639,317.5,321.0,629,636
datasets/train/Ekran-goruntusu-2024-04-17-191639_png_jpg.rf.a9ba800b5dfd777b35c3837d668d4ed1.jpg,132,28,600,517,366.0,272.5,468,489
datasets/train/frame226_jpg.rf.a8d3abdfc28fe052ba1d40181a51edfb.jpg,137,53,317,378,227.0,215.5,180,325
datasets/train/png-clipart-round-white-circle-illustration-circle-geometry-science-and-technology-circle-blue-electronics-thumbnail_png_jpg.rf.a937e3d01c1c4840356484b1edb5d60f.jpg,45,38,581,605,313.0,321.5,536,567
datasets/train/images-12-_jpeg_jpg.rf.a8d3f8f80f1ce2ed0a9e48c44072eb7e.jpg,40,27,599,607,319.5,317.0,559,580
datasets/train/Ekran-goruntusu-2024-04-17-191658_png_jpg.rf.ac18597f4ee377f471d4c0ddc3320d5d.jpg,122,16,593,532,357.5,274.0,471,516
datasets/train/1645884618_5-kartinkin-net-p-krug-kartinki-5_jpg.rf.a9a4ba23816fddc2ae6f79627dff7b8c.jpg,1,0,640,639,320.5,319.5,639,639
datasets/train/png-transparent-circle-red-stickers-magenta-shape-internet-1-_png_jpg.rf.a6b0029e4adbe6188bf2b5bc79fd01a2.jpg,102,41,540,598,321.0,319.5,438,557
datasets/train/-6-_png_jpg.rf.a83295d8303b1b3c1a8d2d76d50a2921.jpg,240,216,385,424,312.5,320.0,145,208
datasets/train/xSvrSI-circle-transparent-picture_png_jpg.rf.a983b396fc370876498398ac880466d9.jpg,6,5,636,633,321.0,319.0,630,628
datasets/train/circle-grass-frame_png_jpg.rf.aa093956274603627dc014c50cc0d95f.jpg,146,147,492,492,319.0,319.5,346,345
datasets/train/Tangent-to-a-Circle-3_png_jpg.rf.abe985ae0cf7e9116647c6352ce53b32.jpg,94,196,530,420,312.0,308.0,436,224
datasets/train/1645884642_31-kartinkin-net-p-krug-kartinki-31_jpg.rf.ac24c6e2430009042a177a56540e4942.jpg,31,129,615,516,323.0,322.5,584,387
datasets/train/Ekran-goruntusu-2024-04-17-191658_png_jpg.rf.aba5c22bdd04f16e3a53e915558c930b.jpg,121,105,593,622,357.0,363.5,472,517
datasets/train/png-transparent-circle-red-circle-orange-wikimedia-commons-sphere-thumbnail_png_jpg.rf.ac6720a1c43cbc5f9fe51cc104065909.jpg,1,0,637,636,319.0,318.0,636,636
datasets/train/kirmizi_daire_jpg.rf.acd6ef4392f7f0ebe5e058239d708c31.jpg,1,0,638,638,319.5,319.0,637,638
datasets/train/Image_24_png_jpg.rf.a74e2648f5f989bb383f2082759b966a.jpg,24,21,619,572,321.5,296.5,595,551
datasets/train/Image_223_jpg.rf.acda9945387ae1808432c3ba9840b9af.jpg,64,46,615,620,339.5,333.0,551,574
datasets/train/photo_9_2024-01-11_19-36-40_jpg.rf.ab408b907b81bb090ba1fa23efa7fe38.jpg,209,253,475,455,342.0,354.0,266,202
datasets/train/photo_9_2024-01-11_19-36-40_jpg.rf.ab408b907b81bb090ba1fa23efa7fe38.jpg,91,28,301,197,196.0,112.5,210,169
datasets/train/photo_9_2024-01-11_19-36-40_jpg.rf.ab408b907b81bb090ba1fa23efa7fe38.jpg,55,527,293,639,174.0,583.0,238,112
datasets/train/Ekran-goruntusu-2024-04-17-191658_png_jpg.rf.a838b2ed357e04ff388b8e16718f3f2d.jpg,105,48,620,519,362.5,283.5,515,471
datasets/train/photo_9_2024-01-11_19-36-40_jpg.rf.ad13a542e95f9ace1f8f9ca63913963d.jpg,208,253,475,455,341.5,354.0,267,202
datasets/train/photo_9_2024-01-11_19-36-40_jpg.rf.ad13a542e95f9ace1f8f9ca63913963d.jpg,91,28,300,197,195.5,112.5,209,169
datasets/train/photo_9_2024-01-11_19-36-40_jpg.rf.ad13a542e95f9ace1f8f9ca63913963d.jpg,55,527,293,639,174.0,583.0,238,112
datasets/train/photo_11_2024-01-11_19-36-40_jpg.rf.a9da42e450741c45a59268cab8e4f8a2.jpg,169,211,499,459,334.0,335.0,330,248
datasets/train/1645884618_4-kartinkin-net-p-krug-kartinki-4_png_jpg.rf.adcc6951d73b225acf0be47d62e1d423.jpg,27,26,616,616,321.5,321.0,589,590
datasets/train/cc471efd3a9cb9e7a8980eb20a346efc_jpeg_jpg.rf.a8d6bba16e5f2f656fee6f580e66bbee.jpg,73,76,571,570,322.0,323.0,498,494
datasets/train/images-3-_jpg.rf.ad9f695dc367f57721864695bfa1cf36.jpg,35,108,605,529,320.0,318.5,570,421
datasets/train/images-4-_png_jpg.rf.ad81b6730461ee6e92ca01bfc860d541.jpg,106,93,558,539,332.0,316.0,452,446
datasets/train/1645884696_72-kartinkin-net-p-krug-kartinki-78_jpg.rf.ad32c4830b7e63015ebd997853dc6f61.jpg,20,11,623,614,321.5,312.5,603,603
datasets/train/png-transparent-circle-circle-education-science-green-circle_png_jpg.rf.afa2d8b2754822742705da2d215e0631.jpg,89,89,552,552,320.5,320.5,463,463
datasets/train/photo_15_2024-01-11_19-36-40_jpg.rf.afc094b64a7008e2559a579e1f8d593c.jpg,179,155,377,429,278.0,292.0,198,274
datasets/train/indir_png_jpg.rf.ad1e63c1e09da3998bbcda6438b2f839.jpg,37,39,598,602,317.5,320.5,561,563
datasets/train/Image_223_jpg.rf.afe7698f95284526e8d0b1600cf67462.jpg,25,20,576,594,300.5,307.0,551,574
datasets/train/yolo-yon_png_jpg.rf.b16b4e608ea67a2808d901a570f7b35c.jpg,187,169,587,597,387.0,383.0,400,428
datasets/train/109614_png_jpg.rf.ae7caa87a4722b85d287c97a8dc9c853.jpg,27,2,612,638,319.5,320.0,585,636
datasets/train/images-4-_png_jpg.rf.afd03fdc6ba7b501663b647fb1278fee.jpg,101,106,547,558,324.0,332.0,446,452
datasets/train/images-6-_jpeg_jpg.rf.b0a6f62c118e81b233fbcda5fa358cad.jpg,2,83,640,563,321.0,323.0,638,480
datasets/train/images-5-_jpeg_jpg.rf.aeee1c581f1220cd78a9a70b1c0a2c93.jpg,165,138,524,438,344.5,288.0,359,300
datasets/train/images_png_jpg.rf.b1c5c203096d0f71ed478db633204c0b.jpg,27,13,638,638,332.5,325.5,611,625
datasets/train/png-clipart-circle-oval-tree-green-circle-leaf-grass_png_jpg.rf.b0c783725042e180701b69e4df5885cf.jpg,17,27,627,612,322.0,319.5,610,585
datasets/train/1645884642_31-kartinkin-net-p-krug-kartinki-31_jpg.rf.b0b855e67c384424defe8d000085de8d.jpg,129,26,516,610,322.5,318.0,387,584
datasets/train/png-transparent-circle-circle-purple-blue-sphere-thumbnail_png_jpg.rf.aeb339fa94f18bd84d8dbcbd9b3611c1.jpg,33,3,623,625,328.0,314.0,590,622
datasets/train/png-transparent-graphy-frames-circle-circle-frame-circle-frame-monochrome-black_png_jpg.rf.b0275d8b0a171bf9f275b1215d5709d5.jpg,2,0,638,639,320.0,319.5,636,639
datasets/train/-13-_png_jpg.rf.b2724cc4f876587d6bc469eeef32a707.jpg,180,328,340,571,260.0,449.5,160,243
datasets/train/Image_80_jpg.rf.b1199bc86eabf998abfa19642d0f5849.jpg,21,19,621,618,321.0,318.5,600,599
datasets/train/images-5-_jpeg_jpg.rf.b359386421715f7776dbf0eba0811a44.jpg,159,182,479,450,319.0,316.0,320,268
datasets/train/Ekran-goruntusu-2024-04-17-191658_png_jpg.rf.adb57ed9198a4cf26b66c8ae5ed52801.jpg,122,105,591,620,356.5,362.5,469,515
datasets/train/1645884647_44-kartinkin-net-p-krug-kartinki-45_png_jpg.rf.b26c849be003b7a7f4bd575cc6166a40.jpg,1,0,638,638,319.5,319.0,637,638
datasets/train/frame10_jpg.rf.b4bafe159d5a3d9881589f4725477bf1.jpg,285,0,474,388,379.5,194.0,189,388
datasets/train/indir-5-_jpeg_jpg.rf.b3cc35afce9fced921706361c53aef52.jpg,64,48,567,550,315.5,299.0,503,502
datasets/train/indir_png_jpg.rf.b52d82483b44daaaed05f26444766bcd.jpg,40,33,627,624,333.5,328.5,587,591
datasets/train/-21-_png_jpg.rf.b23287dadcb2e8406612b81f188adc84.jpg,6,327,378,585,192.0,456.0,372,258
datasets/train/1648498185_17-kartinkin-net-p-raznotsvetnie-krugi-kartinki-17_png_jpg.rf.b22269300c6f9c83dd65a76525b58255.jpg,1,0,638,638,319.5,319.0,637,638
datasets/train/13-131941_red-circle-picture-freeuse-library-circle-png-hd_png_jpg.rf.b50a286d18771347d6d01082b8870194.jpg,44,123,599,516,321.5,319.5,555,393
datasets/train/images-3-_png_jpg.rf.b5cb3d2a65494e0b0823f65746a0f8d9.jpg,9,0,640,627,324.5,313.5,631,627
datasets/train/-16-_png_jpg.rf.b5d4a22764a0ac7f27ab7f307a7b6e67.jpg,146,141,440,353,293.0,247.0,294,212
datasets/train/Ekran-goruntusu-2024-04-17-191550_png_jpg.rf.b5429b659c2c52e15ddf28a3fd569dd0.jpg,53,96,620,462,336.5,279.0,567,366
datasets/train/1645884618_5-kartinkin-net-p-krug-kartinki-5_jpg.rf.b359b460920edd635f6c8dd0ea2101de.jpg,0,0,639,639,319.5,319.5,639,639
datasets/train/images-1-_jpeg_jpg.rf.b5a708203b42040883e4314ef26de67b.jpg,74,145,559,464,316.5,304.5,485,319
datasets/train/blue-circle-point-at-the-center-dashed-line-connecting-center-point-to-outer-edge-labeled-22r22_png_jpg.rf.b926c6944f05ec2cc3e2c4363a329229.jpg,33,27,616,607,324.5,317.0,583,580
datasets/train/1645884691_45-kartinkin-net-p-krug-kartinki-46_png_jpg.rf.b60c2c130493d4092c99141662e78001.jpg,3,1,640,638,321.5,319.5,637,637
datasets/train/images-3-_png_jpg.rf.b957ca1af837752a8b4caa47a4c52f00.jpg,13,11,627,626,320.0,318.5,614,615
datasets/train/indir-1-_jpeg_jpg.rf.b618af258189c7a5570f9db79a09dd94.jpg,2,1,640,634,321.0,317.5,638,633
datasets/train/Ekran-goruntusu-2024-04-17-191658_png_jpg.rf.b592fcf992139cf231363c0c07389786.jpg,121,105,591,620,356.0,362.5,470,515
datasets/train/875-8755826_euclidean-circle-vector-border-circular-free-photo-banner_png_jpg.rf.bace53e472e92c5547b2fc4e8d3a06b1.jpg,32,35,608,602,320.0,318.5,576,567
datasets/train/-11-_png_jpg.rf.b790612bbdbb27d3b2b63f2e375cbf9b.jpg,68,254,241,489,154.5,371.5,173,235
datasets/train/indir_png_jpg.rf.b6a2462df47bc1906b09ee3774c47c21.jpg,38,34,604,598,321.0,316.0,566,564
datasets/train/1645884691_45-kartinkin-net-p-krug-kartinki-46_png_jpg.rf.b627e78082351b0a41e8f930dcce77f3.jpg,1,0,638,637,319.5,318.5,637,637
datasets/train/frame298_jpg.rf.bcf4e1adfed93f7dd188b0211495aa1b.jpg,2,314,491,616,246.5,465.0,489,302
datasets/train/images-4-_png_jpg.rf.b959c248ab7183fc38c8a1eb8249d520.jpg,58,81,528,547,293.0,314.0,470,466
datasets/train/indir_png_jpg.rf.bbbbf6e35d4905139e4521b069c28d19.jpg,38,37,601,598,319.5,317.5,563,561
datasets/train/images-1-_jpeg_jpg.rf.b94713c11099d7347ff0e0bb42ba24ac.jpg,145,81,465,567,305.0,324.0,320,486
datasets/train/images-7-_jpeg_jpg.rf.bce4439df38d790faed23d620043fdda.jpg,0,83,638,564,319.0,323.5,638,481
datasets/train/indir_png_jpg.rf.b70db08843e6204eeab523159c46c05d.jpg,38,36,602,596,320.0,316.0,564,560
datasets/train/images-1-_jpeg_jpg.rf.bbf3d871dabf2844c104339b02fb2be6.jpg,177,70,496,560,336.5,315.0,319,490
datasets/train/set-glowing-neon-color-circles-260nw-2166315269_jpeg_jpg.rf.bd3019328b13d7b5fefb570feb508888.jpg,122,18,559,187,340.5,102.5,437,169
datasets/train/set-glowing-neon-color-circles-260nw-2166315269_jpeg_jpg.rf.bd3019328b13d7b5fefb570feb508888.jpg,173,441,611,610,392.0,525.5,438,169
datasets/train/set-glowing-neon-color-circles-260nw-2166315269_jpeg_jpg.rf.bd3019328b13d7b5fefb570feb508888.jpg,147,229,584,397,365.5,313.0,437,168
datasets/train/Image_188_png_jpg.rf.b4372cec58406bcfe0ff44889f28e0ad.jpg,17,54,588,621,302.5,337.5,571,567
datasets/train/images-12-_jpeg_jpg.rf.bd03ea7d6804d8048c3284e23456a6e5.jpg,29,41,606,596,317.5,318.5,577,555
datasets/train/Tangent-to-a-Circle-3_png_jpg.rf.bb3e4ca39118fb19814fbf086961cbf3.jpg,191,117,431,546,311.0,331.5,240,429
datasets/train/AdobeStock_534402167_Preview_png_jpg.rf.bdfe87848ee9d6fcc5bd8a724ff6e613.jpg,32,29,610,609,321.0,319.0,578,580
datasets/train/Ekran-goruntusu-2024-04-17-191658_png_jpg.rf.ba07bbbb7cba7fb2ca5aceb5b2d00ed8.jpg,121,105,592,620,356.5,362.5,471,515
datasets/train/png-clipart-circle-angle-circle-angle-white-thumbnail_png_jpg.rf.ba882fbb5f9d0480bef2036fa5fcc56d.jpg,94,119,552,578,323.0,348.5,458,459
datasets/train/indir_png_jpg.rf.bf52cbe9011a4a0ce25d3e8db30482fe.jpg,38,36,601,598,319.5,317.0,563,562
datasets/train/large-blue-circle_1f535_png_jpg.rf.bdda10178e25aa0276345d031e0e278c.jpg,232,157,407,481,319.5,319.0,175,324
datasets/train/luetfC-red-circle-free-transparent_png_jpg.rf.bed09a6814372099fcbcfcdaf3e782fd.jpg,0,1,639,640,319.5,320.5,639,639
datasets/train/Ekran-goruntusu-2024-04-17-191746_png_jpg.rf.bf8dea260784b975d1bf8d5951a91eb5.jpg,21,71,501,620,261.0,345.5,480,549
datasets/train/AdobeStock_555784659_Preview_png_jpg.rf.bf34127ab8c506a21c4433a59bb326ad.jpg,1,0,640,639,320.5,319.5,639,639
datasets/train/png-transparent-brown-ring-circle-icon-painted-orange-circle-watercolor-painting-angle-ink_png_jpg.rf.be1e3d57e44f41efd2c03de6869e1251.jpg,66,0,575,639,320.5,319.5,509,639
datasets/train/Ekran-goruntusu-2024-04-17-191639_png_jpg.rf.be6510f2bed52ca053b8d8af2dc48c34.jpg,126,25,601,521,363.5,273.0,475,496
datasets/train/Ekran-goruntusu-2024-04-17-191620_png_jpg.rf.beeb747e6557a6c14237b8441bfda4b4.jpg,17,198,582,600,299.5,399.0,565,402
datasets/train/images-4-_png_jpg.rf.b8dcccc0d4e558b3b81743030128976c.jpg,106,93,558,540,332.0,316.5,452,447
datasets/train/indir-1-_jpeg_jpg.rf.c00d00d3556604d37d4d5b6f5ac973b0.jpg,5,3,639,634,322.0,318.5,634,631
datasets/train/Ekran-goruntusu-2024-04-17-191639_png_jpg.rf.bfae63e5a0ea33baa923524f4e0591f5.jpg,133,26,605,524,369.0,275.0,472,498
datasets/train/Ekran-goruntusu-2024-04-17-191658_png_jpg.rf.c016ee9810ade667038b2f8d4c955999.jpg,120,15,598,537,359.0,276.0,478,522
datasets/train/indir_jpeg_jpg.rf.c139318174848e4df3d022e90946d286.jpg,186,161,455,481,320.5,321.0,269,320
datasets/train/Image_130_jpg.rf.c0988c1012e0dc69379074b35b20c6bd.jpg,26,0,605,579,315.5,289.5,579,579
datasets/train/307-3076277_green-leaves-grass-circle-vines-in-a-circle_png_jpg.rf.c0fecedd4520a8998d7c4ac758f9de13.jpg,29,42,611,596,320.0,319.0,582,554
datasets/train/indir-3-_jpeg_jpg.rf.c0ffd9a6347df402b33fa50af001b0b6.jpg,26,11,608,609,317.0,310.0,582,598
datasets/train/AdobeStock_555784659_Preview_png_jpg.rf.bfbd6f4164b0ee71ba74c98c88da4bf8.jpg,0,0,639,639,319.5,319.5,639,639
datasets/train/frame302_jpg.rf.b9ae665adc431579fb32c1ebdc01726c.jpg,2,285,502,578,252.0,431.5,500,293
datasets/train/photo_16_2024-01-11_19-36-40_jpg.rf.c0659814b9bee2a942c754de4d544206.jpg,154,223,250,357,202.0,290.0,96,134
datasets/train/images-4-_png_jpg.rf.be3dbe398e97588410ba6592ab89472b.jpg,106,93,557,539,331.5,316.0,451,446
datasets/train/9972876148786_jpg.rf.c1320c52d3a17b657aa9bd804839efaa.jpg,0,1,639,640,319.5,320.5,639,639
datasets/train/png-transparent-circle-red-stickers-magenta-shape-internet-1-_png_jpg.rf.c10bb4e2d3bd670345e9a842d63e4c21.jpg,44,97,596,539,320.0,318.0,552,442
datasets/train/images-12-_jpeg_jpg.rf.c1a938750c83a3a5bc101ac23040ae45.jpg,40,27,599,607,319.5,317.0,559,580
datasets/train/images-1-_jpeg_jpg.rf.c160bb2ad08351665999832404d02961.jpg,74,145,559,464,316.5,304.5,485,319
datasets/train/images-3-_jpg.rf.c13c81ba77846c1b2d1df082ddc3fbfb.jpg,90,47,553,594,321.5,320.5,463,547
datasets/train/640px-Circle__28transparent_29_png_jpg.rf.c10e32df6961eb59899a1f610fa6d9c0.jpg,0,1,639,640,319.5,320.5,639,639
datasets/train/large-blue-circle_1f535_png_jpg.rf.c0e3f8167f9f6f1cc6977b03c5127121.jpg,215,166,424,471,319.5,318.5,209,305
datasets/train/38132628268e7a56ef5f77b79aa957b5_png_jpg.rf.c189c1f98219531c0adc921c29c4824f.jpg,140,70,502,570,321.0,320.0,362,500
datasets/train/1645884554_11-kartinkin-net-p-krug-kartinki-11_png_jpg.rf.c1a4b5151e3858442b0203b16229528e.jpg,26,51,605,607,315.5,329.0,579,556
datasets/train/photo_1_2024-01-11_19-36-40_jpg.rf.c3fb6ad05501db7e9c4dba958cacbc80.jpg,129,84,471,538,300.0,311.0,342,454
datasets/train/png-clipart-blue-circular-frame-border-blue-round_png_jpg.rf.c3b074a512766cd5d138d656c247e5c8.jpg,16,174,638,464,327.0,319.0,622,290
datasets/train/indir-3-_jpg.rf.c314cb460a4ad83d71c267327d110507.jpg,0,0,636,634,318.0,317.0,636,634
datasets/train/images-6-_jpeg_jpg.rf.c34224e5220b3b646d35ad371326f5f4.jpg,106,1,565,638,335.5,319.5,459,637
datasets/train/images-12-_jpeg_jpg.rf.c407e7a63ca4ee060563bf9632087ac4.jpg,28,11,636,609,332.0,310.0,608,598
datasets/train/photo_15_2024-01-11_19-36-40_jpg.rf.c1d86e6dda43c7834e73c53114e60ffd.jpg,263,212,461,486,362.0,349.0,198,274
datasets/train/images-4-_png_jpg.rf.c4f7f2b35827154d07df15b2e122c0b6.jpg,106,93,558,539,332.0,316.0,452,446
datasets/train/photo_15_2024-01-11_19-36-40_jpg.rf.c2ed09f2170f73a66b8abe2bb83f3265.jpg,155,263,428,461,291.5,362.0,273,198
datasets/train/images_jpeg_jpg.rf.c7204080405fa01059dd047d558c5415.jpg,0,88,638,544,319.0,316.0,638,456
datasets/train/indir-2-_jpeg_jpg.rf.c677da703cef1a84442b66a739711c8a.jpg,6,25,640,638,323.0,331.5,634,613
datasets/train/1645884677_62-kartinkin-net-p-krug-kartinki-66_png_jpg.rf.c7a4248475ac4c2b46a2e37fde176dab.jpg,2,1,640,638,321.0,319.5,638,637
datasets/train/53-538486_circle-hd-png-download_png_jpg.rf.c8eba6e89ca07192c7a1be49328fdb4d.jpg,44,22,613,618,328.5,320.0,569,596
datasets/train/png-clipart-circle-oval-tree-green-circle-leaf-grass_png_jpg.rf.c5aa779212c572b3872fedcde9f0ee37.jpg,13,28,623,613,318.0,320.5,610,585
datasets/train/1710763_08272_jpeg_jpg.rf.c79fc3c2a419bf436cf0d8fc49eaf693.jpg,91,8,495,628,293.0,318.0,404,620
datasets/train/png-transparent-circle-red-stickers-magenta-shape-internet-1-_png_jpg.rf.c82b5f1ca028975499e861256f43a944.jpg,59,78,578,560,318.5,319.0,519,482
datasets/train/AdobeStock_534402167_Preview_png_jpg.rf.c8a8d913c2dce2e19792671916ab2c47.jpg,30,31,608,611,319.0,321.0,578,580
datasets/train/indir-3-_jpeg_jpg.rf.c76f344279af82258a707a68143ed5e6.jpg,3,1,634,638,318.5,319.5,631,637
datasets/train/frame234_jpg.rf.c8918fc10ee9a0e95c3f5cac1756e0db.jpg,226,75,417,424,321.5,249.5,191,349
datasets/train/frame418_jpg.rf.c5e7137e57085185fc751c08fefd199f.jpg,96,41,233,278,164.5,159.5,137,237
datasets/train/kisspng-circle-area-black-and-white-pattern-circle-png-hd-5a71f9ae94d270-8080753315174189266096_jpeg_jpg.rf.c98fd2122c33aefce1bea2d80ddf3742.jpg,79,77,561,559,320.0,318.0,482,482
datasets/train/indir_png_jpg.rf.c6c19f4f10787dbaa293a0ad0aa579cd.jpg,38,36,602,596,320.0,316.0,564,560
datasets/train/indir_jpeg_jpg.rf.c9b6f26ae3798fbaf56619e0fb7820ce.jpg,159,186,479,455,319.0,320.5,320,269
datasets/train/800px-Circle_-_black_simple-svg_png_jpg.rf.c937b2e93f8979ff23a9d58726831f4d.jpg,54,53,585,585,319.5,319.0,531,532
datasets/train/pngtree-golden-circle-frame-border-vector-png-image_3017679_jpeg_jpg.rf.c7290b68a2f40674a18b43e10972f4f5.jpg,37,40,600,601,318.5,320.5,563,561
datasets/train/circle-vector-outline-icon-isolated-260nw-1211322610_jpeg_jpg.rf.c99255ab885866f66ee9e9caaf0a28d5.jpg,127,99,512,457,319.5,278.0,385,358
datasets/train/images-6-_jpeg_jpg.rf.c61f7806fe9ad6f8dcb28a596a580e3f.jpg,1,102,638,536,319.5,319.0,637,434
datasets/train/949c8b47f89e2822f930f0b4689b0822_png_jpg.rf.cb64e65cf6b714a00ed59ae6b156e4c5.jpg,28,30,610,610,319.0,320.0,582,580
datasets/train/xSvrSI-circle-transparent-picture_png_jpg.rf.caa8a5aada2b8e78abad0ad3b84c2e4f.jpg,4,7,634,635,319.0,321.0,630,628
datasets/train/images-6-_jpeg_jpg.rf.c9f926b0fb180eb983ddbc30772dff03.jpg,0,97,639,537,319.5,317.0,639,440
datasets/train/png-transparent-circle-circle-education-science-green-circle_png_jpg.rf.c870e14d9ab3100e8d08db3fdc9085c2.jpg,106,75,538,565,322.0,320.0,432,490
datasets/train/images-1-_jpeg_jpg.rf.c9af44aee5d47b4a0df2a0f2f5dafe8c.jpg,138,79,463,570,300.5,324.5,325,491
datasets/train/images-4-_jpeg_jpg.rf.c84786862ac8447417091817a7ffa944.jpg,118,25,573,612,345.5,318.5,455,587
datasets/train/photo_20_2024-01-11_19-36-40_jpg.rf.ca9bec7cc225ef1393775e3a19e57283.jpg,1,92,620,567,310.5,329.5,619,475
datasets/train/indir_png_jpg.rf.ca90f5e2406c660d0424b9405fbd9636.jpg,46,39,604,600,325.0,319.5,558,561
datasets/train/images-5-_jpeg_jpg.rf.cc0d1666fc69e588d4c82f871f7cdecf.jpg,138,116,438,475,288.0,295.5,300,359
datasets/train/-16-_png_jpg.rf.cbddfca0379c96e89ad20819619095fb.jpg,141,200,353,494,247.0,347.0,212,294
datasets/train/images-2-_jpeg_jpg.rf.cc1dba79092b831a986a3261c38616c6.jpg,40,29,598,582,319.0,305.5,558,553
datasets/train/pngtree-golden-circle-frame-border-vector-png-image_3017679_jpeg_jpg.rf.cc1252f9e39c1b467861f26bd098d114.jpg,39,37,600,600,319.5,318.5,561,563
datasets/train/cable-reel-calculator-spool-calculator-drum-calculator-16_png_jpg.rf.c13413f487e56c0d6240d59b95a25541.jpg,272,311,603,553,437.5,432.0,331,242
datasets/train/indir-1-_jpeg_jpg.rf.cdd598df5058f8d66d084cc7a649b6ed.jpg,1,0,634,638,317.5,319.0,633,638
datasets/train/Ekran-goruntusu-2024-04-17-191658_png_jpg.rf.ccea17bd4f81f3b62b79bfc9ee0d5bd2.jpg,108,29,639,527,373.5,278.0,531,498
datasets/train/images_png_jpg.rf.ce28295963a0ee4acd7a99e7d6b3b4c2.jpg,16,24,615,621,315.5,322.5,599,597
datasets/train/38132628268e7a56ef5f77b79aa957b5_png_jpg.rf.ce0a9314b90b61dd4b37d42df3b84c0b.jpg,72,136,568,504,320.0,320.0,496,368
datasets/train/images-1-_png_jpg.rf.ccb9d1ab1e06e7118492b408dc5c99b4.jpg,157,113,480,528,318.5,320.5,323,415
datasets/train/Image_227_jpg.rf.cd654be78563cafd4760772101ff0515.jpg,14,149,627,621,320.5,385.0,613,472
datasets/train/Image_227_jpg.rf.cd654be78563cafd4760772101ff0515.jpg,415,8,621,165,518.0,86.5,206,157
datasets/train/-24-_png_jpg.rf.cda47062b2a994c01b4f670ce5bc04eb.jpg,228,74,507,474,367.5,274.0,279,400
datasets/train/1645884607_36-kartinkin-net-p-krug-kartinki-37_png_jpg.rf.d041c826312a564ca8edaa839e26dac3.jpg,1,0,638,638,319.5,319.0,637,638
datasets/train/indir_png_jpg.rf.cbdbaf51c13bc23f8d82a98cfd8c0a20.jpg,13,16,600,607,306.5,311.5,587,591
datasets/train/images-10-_jpeg_jpg.rf.c94e009f73a1781f2f9eab1145b9fbfe.jpg,58,58,576,575,317.0,316.5,518,517
datasets/train/images-3-_jpg.rf.ce138ee4144cd83bda803d9d5334f6e8.jpg,114,25,523,613,318.5,319.0,409,588
datasets/train/images-1-_jpeg_jpg.rf.ce418de0a971ecb02aadd53917f55f64.jpg,62,140,588,487,325.0,313.5,526,347
datasets/train/images-10-_jpeg_jpg.rf.cf9575ae205e952812ec6853d682fb34.jpg,64,59,578,573,321.0,316.0,514,514
datasets/train/images-5-_jpeg_jpg.rf.ce6237c28b293dd166a5ad9850845402.jpg,186,159,455,478,320.5,318.5,269,319
datasets/train/Ekran-goruntusu-2024-04-17-191620_png_jpg.rf.d0a65c73b15d3a1488151f0b332435dc.jpg,38,58,442,623,240.0,340.5,404,565
datasets/train/c1282df2d016d473a4fe0a9337965b11_png_jpg.rf.d0c82491a6a51b3ca80a8890178846cd.jpg,139,71,503,571,321.0,321.0,364,500
datasets/train/png-clipart-circle-point-circle-area-circle-thumbnail_png_jpg.rf.ce8ceda00a107b298f2a14eac58501c7.jpg,52,36,586,601,319.0,318.5,534,565
datasets/train/images-1-_png_jpg.rf.cf1dce85783909b8794f8e1bd7e10882.jpg,157,114,480,527,318.5,320.5,323,413
datasets/train/depositphotos_40481065-stock-photo-coin_jpeg_jpg.rf.d108d12f4ac09377cd4feb86ee3c1da5.jpg,76,105,573,536,324.5,320.5,497,431
datasets/train/png-transparent-circle-circle-education-science-green-circle_png_jpg.rf.cfc9926c55b7b1e7fc58772e4b56ade7.jpg,88,89,551,552,319.5,320.5,463,463
datasets/train/1645884573_19-kartinkin-net-p-krug-kartinki-19_png_jpg.rf.d1d5e3cb081861f954a69ef498098d03.jpg,2,1,640,638,321.0,319.5,638,637
datasets/train/-25-_png_jpg.rf.d0d17b33907c6d90e04e42c64ecab577.jpg,3,73,422,368,212.5,220.5,419,295
datasets/train/images-3-_jpg.rf.cf3d4a33950307875957170453f47836.jpg,87,46,550,593,318.5,319.5,463,547
datasets/train/images-13-_jpeg_jpg.rf.d2dfce25778df4c3a7eafbeb19969817.jpg,90,101,528,540,309.0,320.5,438,439
datasets/train/9142-png_300_png_jpg.rf.d1682abe451a5725ef562878971de13e.jpg,161,81,479,557,320.0,319.0,318,476
datasets/train/Ekran-goruntusu-2024-04-17-191658_png_jpg.rf.d22b298f22feea0c10c1e15e1d8af847.jpg,121,17,591,533,356.0,275.0,470,516
datasets/train/-24-_png_jpg.rf.d1e173db13eee36ac932b89a33baadd4.jpg,166,228,566,507,366.0,367.5,400,279
datasets/train/images-12-_jpeg_jpg.rf.d103ddb923a1aefa96ebf6b888f33b5b.jpg,27,40,608,598,317.5,319.0,581,558
datasets/train/1645884627_8-kartinkin-net-p-krug-kartinki-8_jpg.rf.d349acb3fb4bc45445448164d01b0bdf.jpg,0,4,636,640,318.0,322.0,636,636
datasets/train/images-13-_jpeg_jpg.rf.d33b252c7c49e4744e4f7ab59dfed3b5.jpg,106,98,551,545,328.5,321.5,445,447
datasets/train/Ekran-goruntusu-2024-04-17-191730_png_jpg.rf.d1fdc0826c9032f545e05aa01c7d1824.jpg,2,9,524,638,263.0,323.5,522,629
datasets/train/frame226_jpg.rf.d3a59eb0c5e1ef697056c1d431c0ffdc.jpg,53,323,378,503,215.5,413.0,325,180
datasets/train/Ekran-goruntusu-2024-04-17-191620_png_jpg.rf.d17d85f33f4016e36c4334b75acb4fdc.jpg,198,58,600,623,399.0,340.5,402,565
datasets/train/indir_png_jpg.rf.d40cb5b2c5ab5d2ce6f9727e76d1c88f.jpg,41,38,604,602,322.5,320.0,563,564
datasets/train/images-4-_jpeg_jpg.rf.d3ca240e95c873bfc6373142b35f260a.jpg,114,28,567,614,340.5,321.0,453,586
datasets/train/1710763_08272_jpeg_jpg.rf.d39e7dfcdbb08f599ff8939138de3440.jpg,12,91,632,495,322.0,293.0,620,404
datasets/train/images-1-_jpeg_jpg.rf.d564b0220316102b87d8b14bc02268cc.jpg,73,145,559,465,316.0,305.0,486,320
datasets/train/307-3076277_green-leaves-grass-circle-vines-in-a-circle_png_jpg.rf.d4861a18d881d71f8cea74ba86239d72.jpg,44,29,598,611,321.0,320.0,554,582
datasets/train/images-4-_jpeg_jpg.rf.d5c7a03bdeb3b82ab8956a2dfb4ea059.jpg,26,69,612,522,319.0,295.5,586,453
datasets/train/-1-_png_jpg.rf.d6b0763cfc71a07fffe743c38d95891d.jpg,19,315,257,476,138.0,395.5,238,161
datasets/train/9cf4b4749278aa9358a826c7150b51a8-circle-round_png_jpg.rf.d530666dad1364ce7e444a76cd4c3a2c.jpg,48,47,594,594,321.0,320.5,546,547
datasets/train/Image_227_jpg.rf.d59c8a724370d19630ad8a2f1f810908.jpg,13,19,626,491,319.5,255.0,613,472
datasets/train/Image_227_jpg.rf.d59c8a724370d19630ad8a2f1f810908.jpg,19,475,225,632,122.0,553.5,206,157
datasets/train/images-1-_jpeg_jpg.rf.d01babfd992d5442d351b393da066e8b.jpg,149,73,467,558,308.0,315.5,318,485
datasets/train/images-4-_png_jpg.rf.d61e6e3673ec2bd5321cbc26cfd557e4.jpg,107,93,557,539,332.0,316.0,450,446
datasets/train/Ekran-goruntusu-2024-04-17-191639_png_jpg.rf.d54f398f68c9a2c979e9068377f08f06.jpg,122,15,624,539,373.0,277.0,502,524
datasets/train/-11-_png_jpg.rf.d52c1de2976cf031f6b915cba4cf20e6.jpg,254,399,489,572,371.5,485.5,235,173
datasets/train/images-1-_png_jpg.rf.d34ce5c9c4fc457af07e9ec6ec6d5752.jpg,114,161,527,483,320.5,322.0,413,322
datasets/train/Image_189_jpg.rf.cf5de0e9ddfe5fc504a7df947a5c33ba.jpg,1,0,640,639,320.5,319.5,639,639
datasets/train/Ekran-goruntusu-2024-04-17-191746_png_jpg.rf.d6d5c279d80ada09eaa84a967421c5e5.jpg,135,59,599,592,367.0,325.5,464,533
datasets/train/Image_223_jpg.rf.d46e34291aa65482046d33f1336a36ef.jpg,20,64,594,615,307.0,339.5,574,551
datasets/train/-8-_png_jpg.rf.d5deb30d59cb34d9794089124f9096a2.jpg,253,162,467,316,360.0,239.0,214,154
datasets/train/indir-1-_jpg.rf.d58ac80257208ffcae1e50dc3f1e0d35.jpg,55,51,586,589,320.5,320.0,531,538
datasets/train/1024px-Red_circle-svg_png_jpg.rf.d56fae8d0bf280400fa25a8bb18d3a1c.jpg,13,12,629,628,321.0,320.0,616,616
datasets/train/indir-5-_jpeg_jpg.rf.d8fb2bf82699db870d10b8e79012bc96.jpg,88,81,552,549,320.0,315.0,464,468
datasets/train/949c8b47f89e2822f930f0b4689b0822_png_jpg.rf.dab4e930c0fdbd2a18fdb96275a1c5e2.jpg,31,29,611,611,321.0,320.0,580,582
datasets/train/photo_18_2024-01-11_19-36-40_jpg.rf.da91fb5c2e16d386761369e79f7080de.jpg,167,260,479,499,323.0,379.5,312,239
datasets/train/home-about-bg_png_jpg.rf.dcfe8cedfbb26f90f4f288406f3eaff2.jpg,220,133,619,615,419.5,374.0,399,482
datasets/train/home-about-bg_png_jpg.rf.dcfe8cedfbb26f90f4f288406f3eaff2.jpg,11,0,265,304,138.0,152.0,254,304
datasets/train/images-1-_jpeg_jpg.rf.dcec3f31aae0fe1f31baa1e85ebd6c8b.jpg,70,144,560,463,315.0,303.5,490,319
datasets/train/images-4-_jpeg_jpg.rf.ddf164c582dbddca73c90cebc537fbf7.jpg,26,114,612,567,319.0,340.5,586,453
datasets/train/images-5-_jpeg_jpg.rf.d8fe535589ad295b8170d67a9bbf8424.jpg,105,176,465,476,285.0,326.0,360,300
datasets/train/images-10-_jpeg_jpg.rf.d774ea0ba963a2a506646b4d869f5bc4.jpg,64,66,577,576,320.5,321.0,513,510
datasets/train/set-glowing-neon-color-circles-260nw-2166315269_jpeg_jpg.rf.dd738b31762fc5a4256ce47f22674b1c.jpg,18,81,187,518,102.5,299.5,169,437
datasets/train/set-glowing-neon-color-circles-260nw-2166315269_jpeg_jpg.rf.dd738b31762fc5a4256ce47f22674b1c.jpg,441,29,610,467,525.5,248.0,169,438
datasets/train/set-glowing-neon-color-circles-260nw-2166315269_jpeg_jpg.rf.dd738b31762fc5a4256ce47f22674b1c.jpg,229,56,397,493,313.0,274.5,168,437
datasets/train/images-1-_jpeg_jpg.rf.daf0536157477062d25f0b08f8b3836f.jpg,124,74,460,586,292.0,330.0,336,512
datasets/train/indir-3-_jpg.rf.dac3e5f5913759228e3b4b441341837d.jpg,1,3,637,632,319.0,317.5,636,629
datasets/train/blue-circle-point-at-the-center-dashed-line-connecting-center-point-to-outer-edge-labeled-22r22_png_jpg.rf.daaaa683c25ac1be2b7355b367e21e65.jpg,33,33,613,616,323.0,324.5,580,583
datasets/train/frame363_jpg.rf.dd22d1e996a6aafbf75eb9cbd9cbe6a2.jpg,2,176,301,361,151.5,268.5,299,185
datasets/train/-_png_jpg.rf.dccebad988a3d50e39eda3d2ed48708c.jpg,1,0,638,638,319.5,319.0,637,638
datasets/train/indir-1-_jpg.rf.d95891574eccd2d8834375578ea6e4a7.jpg,51,54,589,585,320.0,319.5,538,531
datasets/train/-_png_jpg.rf.d8c60afd98f7ce78599a562bc398c93b.jpg,2,1,640,638,321.0,319.5,638,637
datasets/train/Ekran-goruntusu-2024-04-17-191730_png_jpg.rf.d964395e733f330770c00b1414b03ae7.jpg,42,0,622,603,332.0,301.5,580,603
datasets/train/circle-frame-with-green-grass-vector-5610980_jpeg_jpg.rf.d75fb4fbf002eef82c8a25baa118ff67.jpg,123,116,516,487,319.5,301.5,393,371
datasets/train/indir-5-_jpeg_jpg.rf.ddd5cb64955cce3939253188870e7deb.jpg,48,73,550,576,299.0,324.5,502,503
datasets/train/images-13-_jpeg_jpg.rf.db86cd2391c94c3f02f7b9f7e34db4cf.jpg,100,91,538,528,319.0,309.5,438,437
datasets/train/indir-3-_jpeg_jpg.rf.d901c3544c4ab6edc17438956d778f4a.jpg,15,26,614,609,314.5,317.5,599,583
datasets/train/1645884699_67-kartinkin-net-p-krug-kartinki-72_png_jpg.rf.da9ad395ad43203381ffc2ac93fa38ab.jpg,47,66,568,585,307.5,325.5,521,519
datasets/train/indir-1-_jpg.rf.d9276de00a02e85a21910f2cc2cf140f.jpg,52,56,589,584,320.5,320.0,537,528
datasets/train/indir-3-_jpg.rf.de4315d286b35aecc1574097ad0b3222.jpg,1,2,637,630,319.0,316.0,636,628
datasets/train/images-13-_jpeg_jpg.rf.de38691f30ac5e3aeb57e8551e84957f.jpg,101,91,538,527,319.5,309.0,437,436
datasets/train/Ekran-goruntusu-2024-04-17-191620_png_jpg.rf.d74932579b46897749fba8e32f9b0901.jpg,6,202,600,625,303.0,413.5,594,423
datasets/train/png-clipart-blue-circular-frame-border-blue-round_png_jpg.rf.df2315ec6703a2ed749ccf986f4ea70d.jpg,174,2,464,624,319.0,313.0,290,622
datasets/train/-1-_png_jpg.rf.e1b9d2a28889fc72d813d993a12e0835.jpg,164,19,325,257,244.5,138.0,161,238
datasets/train/indir-3-_jpg.rf.df7de6853eb4f432a0de7fd46395eb6a.jpg,2,3,630,639,316.0,321.0,628,636
datasets/train/png-clipart-circle-angle-circle-angle-white-thumbnail_png_jpg.rf.de77a16344e7d89d4244976151cd51ca.jpg,94,119,552,578,323.0,348.5,458,459
datasets/train/indir-3-_jpeg_jpg.rf.dfb74d65c58addfd6e4b68c6b9f77a2b.jpg,0,22,622,638,311.0,330.0,622,616
datasets/train/f05d133985f94889b3fb760ee737748c_png_jpg.rf.e231cc2df45762c1f8282c8b0670f630.jpg,78,138,563,509,320.5,323.5,485,371
datasets/train/photo_7_2024-01-11_19-36-40_jpg.rf.dfa03c143f134cb4dc8dfe3193f67e16.jpg,228,127,524,519,376.0,323.0,296,392
datasets/train/800px-Circle_-_black_simple-svg_png_jpg.rf.dfb55f3ac4193c48a398b2206ec23ff7.jpg,54,53,585,585,319.5,319.0,531,532
datasets/train/steve-smith-Zvvu4zRKijE-unsplash_jpeg_jpg.rf.e0b3ab11a6aeb3082381eabc6e0c7257.jpg,193,162,619,377,406.0,269.5,426,215
datasets/train/images-1-_jpeg_jpg.rf.dc4d5fc1ee953a3672a4c0895dec5e17.jpg,70,144,560,463,315.0,303.5,490,319
datasets/train/Image_24_png_jpg.rf.dfc58654dd9ef9bc9d80a476974b52c8.jpg,24,21,619,572,321.5,296.5,595,551
datasets/train/indir-3-_jpeg_jpg.rf.e07c31a52d40ed5bbbe6dc72ca2eff70.jpg,19,2,638,635,328.5,318.5,619,633
datasets/train/-30-_png_jpg.rf.e2e4e56e724b429e993efd3df3aae88e.jpg,23,274,630,580,326.5,427.0,607,306
datasets/train/frame341_jpg.rf.e1096efd44e8d684ea4f930faf7de083.jpg,375,0,638,318,506.5,159.0,263,318
datasets/train/Image_177_png_jpg.rf.df308449dcbe00b6d2251c0313527fdc.jpg,123,125,514,516,318.5,320.5,391,391
datasets/train/indir-1-_jpg.rf.e3aae436393bfcb803a3130c2392531f.jpg,55,54,586,586,320.5,320.0,531,532
datasets/train/-16-_png_jpg.rf.e359aa1bd42a7b6d418ba68f51082f19.jpg,141,200,353,494,247.0,347.0,212,294
datasets/train/blue-circle-8_png_jpg.rf.dff70d0ab8abc0a2b635330fbcb3b9da.jpg,0,0,639,639,319.5,319.5,639,639
datasets/train/images-7-_jpeg_jpg.rf.e14b6c13a2560545f17041ec603bcc44.jpg,83,2,564,640,323.5,321.0,481,638
datasets/train/Image_196_png_jpg.rf.e37172131b2949f215760b0644b1996f.jpg,0,0,638,639,319.0,319.5,638,639
datasets/train/shyam-uCOZHr4C0nc-unsplash_jpg.rf.e1fb7749669b97937b9ecb796b62a710.jpg,193,125,450,511,321.5,318.0,257,386
datasets/train/images-6-_jpeg_jpg.rf.e3b2ebc068e2edc37c97327f2392392f.jpg,104,1,538,638,321.0,319.5,434,637
datasets/train/images-6-_jpeg_jpg.rf.e5a9863204935917aba47a2bf4c47426.jpg,87,2,550,640,318.5,321.0,463,638
datasets/train/png-clipart-round-white-circle-illustration-circle-geometry-science-and-technology-circle-blue-electronics-thumbnail_png_jpg.rf.e61d111cc3c6cd0e48063f3ac593c3a7.jpg,45,38,581,605,313.0,321.5,536,567
datasets/train/images-4-_jpeg_jpg.rf.e3c22119cd5c3911f3ae1e01d6ea0477.jpg,103,1,583,619,343.0,310.0,480,618
datasets/train/photo_18_2024-01-11_19-36-40_jpg.rf.e993ceb5ffa34882cbd4ab918370765e.jpg,260,162,499,474,379.5,318.0,239,312
datasets/train/indir-1-_jpeg_jpg.rf.e692f8e3e5b2e63a0c1fcf7859ac1d51.jpg,1,0,638,638,319.5,319.0,637,638
datasets/train/images-6-_jpeg_jpg.rf.e5ba1edfb92f87de3ca86dff5722b1d3.jpg,0,77,638,557,319.0,317.0,638,480
datasets/train/png-transparent-circle-red-circle-orange-wikimedia-commons-sphere-thumbnail_png_jpg.rf.e5d76b2da4496a6d464978bf206e7e0b.jpg,0,2,638,639,319.0,320.5,638,637
datasets/train/1645884642_31-kartinkin-net-p-krug-kartinki-31_jpg.rf.e6eee8e3860fde6e8b6350ea7a4fdc86.jpg,129,26,516,610,322.5,318.0,387,584
datasets/train/indir_jpg.rf.e4ee2134a925b5a0620a26240bf97e94.jpg,75,24,564,620,319.5,322.0,489,596
datasets/train/png-transparent-circle-circles-blue-logo-grey-thumbnail_png_jpg.rf.df4a214441dfa83ff1609bb60f2ded60.jpg,2,0,640,639,321.0,319.5,638,639
datasets/train/indir-2-_jpeg_jpg.rf.e702ef57e0a6fe2856f835f1470bc847.jpg,7,32,640,608,323.5,320.0,633,576
datasets/train/Ekran-goruntusu-2024-04-17-191550_png_jpg.rf.e4a20a11e6d6efcdd3d21e3c0e12a468.jpg,160,2,564,626,362.0,314.0,404,624
datasets/train/Ekran-goruntusu-2024-04-17-191658_png_jpg.rf.e818e1f920deb4248070c7c9f2f9e92f.jpg,108,29,639,527,373.5,278.0,531,498
datasets/train/-14-_png_jpg.rf.e686365bd75b31bebad30787831b9c73.jpg,65,183,294,488,179.5,335.5,229,305
datasets/train/5CC7Ci-circle-png-picture_png_jpg.rf.e53c72f64880938b0fbd2f6d8ab4f7c2.jpg,0,0,639,638,319.5,319.0,639,638
datasets/train/frame332_jpg.rf.e706f7b23f700d97c519738163dcb34a.jpg,242,0,513,459,377.5,229.5,271,459
datasets/train/png-transparent-circle-circles-blue-logo-grey-thumbnail_png_jpg.rf.e9055d29b0c6250e055ab04969724fff.jpg,0,0,639,638,319.5,319.0,639,638
datasets/train/red-color-circle-sign-icon-260nw-1707237499_jpeg_jpg.rf.e79cb44ad1329dbfd6277cc700845693.jpg,102,142,455,506,278.5,324.0,353,364
datasets/train/gold-circle-shape-label-logo-design-element-frame-brush-abstract-wave-transparent-background-illustration-png_png_jpg.rf.e65517b43664bf6f744fa488d92983d2.jpg,51,47,589,592,320.0,319.5,538,545
datasets/train/png-transparent-circle-circle-education-science-green-circle_png_jpg.rf.e8e729975a9fb9bf2d975ae5fef2b786.jpg,105,70,534,566,319.5,318.0,429,496
datasets/train/images_jpg.rf.e8cdd47f4aac930bfe7eb8a0f7c354ad.jpg,181,103,459,537,320.0,320.0,278,434
datasets/train/indir-3-_jpeg_jpg.rf.e6ec678eed70b037f42a8791748368b7.jpg,4,17,635,631,319.5,324.0,631,614
datasets/train/images-12-_jpeg_jpg.rf.e9ce05f61f998c7d5168e04dcea3d212.jpg,34,21,602,611,318.0,316.0,568,590
datasets/train/images-13-_jpeg_jpg.rf.ea1513bfed0640bb63858fd109ec5c3a.jpg,101,108,538,544,319.5,326.0,437,436
datasets/train/indir_png_jpg.rf.e5a297102e48eb7aeb1ed3885ca255d0.jpg,24,25,604,600,314.0,312.5,580,575
datasets/train/cable-reel-calculator-spool-calculator-drum-calculator-16_png_jpg.rf.e8a2001fd8da85a570e361860326e180.jpg,33,91,359,342,196.0,216.5,326,251
datasets/train/circle-frame-with-green-grass-vector-5610980_jpeg_jpg.rf.ea9c2ae6f529173a231925eacfa8ae19.jpg,153,123,524,516,338.5,319.5,371,393
datasets/train/images-1-_png_jpg.rf.eabaf9502365c59c0dac74f3f141b5f5.jpg,109,75,465,534,287.0,304.5,356,459
datasets/train/png-transparent-circle-red-stickers-magenta-shape-internet-1-_png_jpg.rf.eb082dc323cabf0b61946033fa2e6394.jpg,101,44,543,596,322.0,320.0,442,552
datasets/train/images-7-_jpeg_jpg.rf.e6b489ad024da0319e07f56278fef195.jpg,75,0,538,638,306.5,319.0,463,638
datasets/train/frame410_jpg.rf.ea8c94b8921928927a40a9c5946258d9.jpg,65,191,206,428,135.5,309.5,141,237
datasets/train/indir_jpg.rf.eafce6cc532efecdcd244382d4d7bf51.jpg,68,22,571,618,319.5,320.0,503,596
datasets/train/Ekran-goruntusu-2024-04-17-191639_png_jpg.rf.ecef20e7c050f87341a3f043e6dd0c26.jpg,26,35,524,507,275.0,271.0,498,472
datasets/train/frame339_jpg.rf.ec522b0bacfb07902ebde1b39a1637f7.jpg,0,91,332,353,166.0,222.0,332,262
datasets/train/512-5124576_round-circle-png-round-circle-pic-png-transparent_png_jpg.rf.ec4e889c6576dc5df3ee249697134c68.jpg,24,39,621,614,322.5,326.5,597,575
datasets/train/images-10-_jpeg_jpg.rf.eb1ad49f5ee26cf61098c081036bdfc5.jpg,67,64,581,578,324.0,321.0,514,514
datasets/train/indir-5-_jpeg_jpg.rf.ea2b9495351fd4d572fe6c973500c575.jpg,86,80,555,550,320.5,315.0,469,470
datasets/train/indir-1-_jpg.rf.ec6e1534c9f6b262e4597070acfc1b07.jpg,54,54,586,585,320.0,319.5,532,531
datasets/train/Ekran-goruntusu-2024-04-17-191658_png_jpg.rf.edadb14508da04cc05164e79124db29d.jpg,121,105,593,622,357.0,363.5,472,517
datasets/train/glow-gold-circle-frame-free-png_png_jpg.rf.ede77dbe325e237994bf8887b339b0ed.jpg,47,35,594,601,320.5,318.0,547,566
datasets/train/indir-5-_jpeg_jpg.rf.eeac71916137bcc22ea798fa016c707b.jpg,80,87,554,555,317.0,321.0,474,468
datasets/train/38132628268e7a56ef5f77b79aa957b5_png_jpg.rf.ef27b14770edc8882e9fe7dddb869472.jpg,72,136,568,504,320.0,320.0,496,368
datasets/train/images_jpeg_jpg.rf.efbcb335da64626e7f0709d7511ae6d4.jpg,0,98,639,535,319.5,316.5,639,437
datasets/train/-28-_png_jpg.rf.eb86ef0859c9ea76ae15930fb473a0e2.jpg,327,67,595,513,461.0,290.0,268,446
datasets/train/Ekran-goruntusu-2024-04-17-191550_png_jpg.rf.eeedea5d83f682c77f7b39ec551332ef.jpg,162,41,549,638,355.5,339.5,387,597
datasets/train/Ekran-goruntusu-2024-04-17-191658_png_jpg.rf.ef179627c0690554527d132046bae246.jpg,121,105,591,620,356.0,362.5,470,515
datasets/train/images_jpeg_jpg.rf.edcab592d6f5be29fd1ed6aca3a06759.jpg,0,106,634,556,317.0,331.0,634,450
datasets/train/indir-2-_jpg.rf.ef1fc836ad67226a352fe5851a2e8b38.jpg,167,17,478,624,322.5,320.5,311,607
datasets/train/images-1-_png_jpg.rf.f00efcacfe255f8b434b668cb1a55509.jpg,128,106,588,463,358.0,284.5,460,357
datasets/train/AdobeStock_680079320_Preview_png_jpg.rf.efbdde35de8519e66a90592aff27df81.jpg,125,124,515,514,320.0,319.0,390,390
datasets/train/images-5-_jpeg_jpg.rf.efb90b3182c4fbbca1719a00d53d2c91.jpg,159,186,479,455,319.0,320.5,320,269
datasets/train/yolo-yon_png_jpg.rf.ea34a48edfc86336d043e88b2bc4d33c.jpg,130,56,589,426,359.5,241.0,459,370
datasets/train/images-6-_jpeg_jpg.rf.ed87bb2d0ebdfb0599e861fffe928e6d.jpg,0,97,639,537,319.5,317.0,639,440
datasets/train/images-1-_png_jpg.rf.f0bfb23b1b73e66264d2f3a4679e4fae.jpg,177,128,534,588,355.5,358.0,357,460
datasets/train/-33-_png_jpg.rf.f24b61dbab817714ca3c7701d41eefd1.jpg,21,285,547,514,284.0,399.5,526,229
datasets/train/shiny-light-circle-frame-with-yellow-foliage-png_107791-17134_jpeg_jpg.rf.f2d38c689a102a4ca77de58e045ae518.jpg,113,159,510,485,311.5,322.0,397,326
datasets/train/1648498201_44-kartinkin-net-p-raznotsvetnie-krugi-kartinki-45_png_jpg.rf.f051dc84491e818a155af0ca55ed40b7.jpg,25,29,583,613,304.0,321.0,558,584
datasets/train/indir-1-_jpeg_jpg.rf.f11e5295a68c0eec37373c6bc08bfb41.jpg,4,3,639,633,321.5,318.0,635,630
datasets/train/9cf4b4749278aa9358a826c7150b51a8-circle-round_png_jpg.rf.f212bd30ec6f668fb8bc4880326b733b.jpg,47,46,594,592,320.5,319.0,547,546
datasets/train/Image_223_jpg.rf.f1dc4b60fcce06732ba6f1f67ff4901a.jpg,25,20,576,594,300.5,307.0,551,574
datasets/train/indir_png_jpg.rf.f2eae3cb666a063b185e08334edb4d87.jpg,38,36,602,596,320.0,316.0,564,560
datasets/train/images-6-_jpeg_jpg.rf.f1763e59fe325abc2597dae6eed4572a.jpg,103,0,543,639,323.0,319.5,440,639
datasets/train/large-blue-circle_1f535_png_jpg.rf.f2d3b26c044197abeb9542e1cbab469e.jpg,233,156,406,483,319.5,319.5,173,327
datasets/train/png-transparent-circle-circles-blue-logo-grey-thumbnail_png_jpg.rf.f17cc19e185dd2b800dc01829829ff6d.jpg,0,0,639,638,319.5,319.0,639,638
datasets/train/Image_227_jpg.rf.f3deafdd63ce38247c4aaedaa72ed0ed.jpg,14,149,627,621,320.5,385.0,613,472
datasets/train/Image_227_jpg.rf.f3deafdd63ce38247c4aaedaa72ed0ed.jpg,415,8,621,165,518.0,86.5,206,157
datasets/train/1648498185_17-kartinkin-net-p-raznotsvetnie-krugi-kartinki-17_png_jpg.rf.f039adf80df79332406e98c7fecc735f.jpg,1,0,638,638,319.5,319.0,637,638
datasets/train/1645884696_72-kartinkin-net-p-krug-kartinki-78_jpg.rf.f33b6eeb731ce478807b2c5b697a3c02.jpg,20,11,623,614,321.5,312.5,603,603
datasets/train/png-transparent-brown-ring-circle-icon-painted-orange-circle-watercolor-painting-angle-ink_png_jpg.rf.f3c4704bf4a592457fb15e5232a96fbe.jpg,65,0,575,639,320.0,319.5,510,639
datasets/train/Ekran-goruntusu-2024-04-17-191550_png_jpg.rf.f1ff424d8de2747f23320a53ff898190.jpg,52,96,621,463,336.5,279.5,569,367
datasets/train/Ekran-goruntusu-2024-04-17-191658_png_jpg.rf.f4e62034a2b11f6ea6fa39b25cabbd2a.jpg,121,17,591,533,356.0,275.0,470,516
datasets/train/1200px-Red_circle_frame_transparent-svg_png_jpg.rf.f31eacdee80f6ac517d2559f3669894d.jpg,0,1,639,640,319.5,320.5,639,639
datasets/train/pngtree-ink-brush-round-ink-border-png-image_4682098_jpeg_jpg.rf.f2598cf2a13af664da9ed15b9a17938b.jpg,97,103,547,559,322.0,331.0,450,456
datasets/train/large-blue-circle_1f535_png_jpg.rf.f4a5f76b1d64b20c2803ec609ed268b3.jpg,169,215,474,424,321.5,319.5,305,209
datasets/train/images-10-_jpeg_jpg.rf.f31987462da4acbd6c8d38209b9cacff.jpg,64,64,574,577,319.0,320.5,510,513
datasets/train/images-1-_png_jpg.rf.f2e0ba42e5879499972cf6f73810c877.jpg,157,108,480,523,318.5,315.5,323,415
datasets/train/images-1-_png_jpg.rf.f5c6f118944c1284a63198ea3d081832.jpg,157,114,480,528,318.5,321.0,323,414
datasets/train/pngtree-ink-brush-round-ink-border-png-image_4682098_jpeg_jpg.rf.f4f4092edb65e51c82a4ff6fe8d78158.jpg,101,99,550,558,325.5,328.5,449,459
datasets/train/-9-_png_jpg.rf.f5f18165f8ebe0c686ad5bd66381c039.jpg,332,267,488,484,410.0,375.5,156,217
datasets/train/images_jpeg_jpg.rf.f6e8686fe0273eb4febc8da64111f653.jpg,107,0,591,638,349.0,319.0,484,638
datasets/train/images-1-_jpeg_jpg.rf.f529d0505703300e722cede37ce12815.jpg,124,74,460,586,292.0,330.0,336,512
datasets/train/images-13-_jpeg_jpg.rf.f900e9554015da2cbe0d8df314f2e3c2.jpg,112,100,550,539,331.0,319.5,438,439
datasets/train/frame298_jpg.rf.f2ebe21830d85d3d80b58490a9927a45.jpg,314,149,616,638,465.0,393.5,302,489
datasets/train/images_png_jpg.rf.f789c6f05f93f97b923890379690b769.jpg,25,26,611,611,318.0,318.5,586,585
datasets/train/1645884573_19-kartinkin-net-p-krug-kartinki-19_png_jpg.rf.f8f7e8db40b048c60c1af3f34d5a9e77.jpg,1,0,638,638,319.5,319.0,637,638
datasets/train/1200px-Red_circle_frame_transparent-svg_png_jpg.rf.f943afe8d1eb4bb83c0cbe0db1887ef6.jpg,0,0,639,639,319.5,319.5,639,639
datasets/train/frame333_jpg.rf.f65dfd828296eb7bc8dada5b76ab4bc1.jpg,252,0,521,467,386.5,233.5,269,467
datasets/train/38132628268e7a56ef5f77b79aa957b5_png_jpg.rf.f235c15ffcc07657b97fc9a41bab1806.jpg,69,140,569,501,319.0,320.5,500,361
datasets/train/images-12-_jpeg_jpg.rf.f7cac24d62b3433fdc2bfcd7e9ccbf19.jpg,33,43,614,600,323.5,321.5,581,557
datasets/train/indir-2-_jpeg_jpg.rf.faab80b0ee8ef35a51ccbb02636cdba6.jpg,32,0,608,633,320.0,316.5,576,633
datasets/train/indir-2-_jpg.rf.f9f0d919df40bb2e5e9b2daa5285febe.jpg,16,167,623,478,319.5,322.5,607,311
datasets/train/Ekran-goruntusu-2024-04-17-191620_png_jpg.rf.fa7be847482aee0cddb95632da4a10f9.jpg,17,198,582,600,299.5,399.0,565,402
datasets/train/1645884618_5-kartinkin-net-p-krug-kartinki-5_jpg.rf.f598c9530d73f3991be0c60439fdf831.jpg,1,0,640,639,320.5,319.5,639,639
datasets/train/png-transparent-circle-circle-purple-blue-sphere-thumbnail_png_jpg.rf.fb76480d4f26a8203f955a3f21446e34.jpg,12,22,615,636,313.5,329.0,603,614
datasets/train/images-13-_jpeg_jpg.rf.fa66070372d0eecc20ea4540368a4e44.jpg,108,102,544,539,326.0,320.5,436,437
datasets/train/frame410_jpg.rf.f9f2dbf42bde2e960562b00e63298fc2.jpg,212,65,449,206,330.5,135.5,237,141
datasets/train/9d4tma-circle-best-png_png_jpg.rf.fab2f36bada1d2449689e4a95f838f23.jpg,0,0,638,639,319.0,319.5,638,639
datasets/train/png-transparent-circle-circle-purple-blue-sphere-thumbnail_png_jpg.rf.faa70f3f69cd1ddb2f4152597861bf24.jpg,3,27,629,636,316.0,331.5,626,609
datasets/train/9cf4b4749278aa9358a826c7150b51a8-circle-round_png_jpg.rf.f8e0bd6a1c442a6fb67b58f3a66c6602.jpg,46,46,592,593,319.0,319.5,546,547
datasets/train/Ekran-goruntusu-2024-04-17-191746_png_jpg.rf.f5fb533b181f51d220b7ee3f5b5d14a0.jpg,71,139,620,619,345.5,379.0,549,480
datasets/train/1024px-Red_circle-svg_png_jpg.rf.f6a06aba0876826dd26f86e9a0333274.jpg,13,12,629,628,321.0,320.0,616,616
datasets/train/-30-_png_jpg.rf.fbcb42bbaf136c4441c1d6f21cf0a8eb.jpg,274,10,580,617,427.0,313.5,306,607
datasets/train/1645884619_25-kartinkin-net-p-krug-kartinki-25_png_jpg.rf.fbbc65145c891debbf3adf73e7b2c0cc.jpg,8,7,631,630,319.5,318.5,623,623
datasets/train/images-1-_jpeg_jpg.rf.fa5da023ec5cb37d581a8d964f824ca7.jpg,73,173,558,491,315.5,332.0,485,318
datasets/train/frame235_jpg.rf.fbe1ce9bc9c5b7a4a223f9389ed47012.jpg,216,237,567,430,391.5,333.5,351,193
datasets/train/images_png_jpg.rf.fae56c9aedc5555b8fe7c2610847b620.jpg,2,27,627,638,314.5,332.5,625,611
datasets/train/different-circular-arrows-black-color-260nw-1686576286_jpeg_jpg.rf.fbc3431dea156d899d9630437dcf15d1.jpg,39,70,198,187,118.5,128.5,159,117
datasets/train/different-circular-arrows-black-color-260nw-1686576286_jpeg_jpg.rf.fbc3431dea156d899d9630437dcf15d1.jpg,223,35,383,152,303.0,93.5,160,117
datasets/train/different-circular-arrows-black-color-260nw-1686576286_jpeg_jpg.rf.fbc3431dea156d899d9630437dcf15d1.jpg,250,175,408,293,329.0,234.0,158,118
datasets/train/magic-portal-fantasy-futuristic-teleport-260nw-1716144514_jpeg_jpg.rf.fbf349b855df11f273ee0aad4e8b61e2.jpg,73,23,582,577,327.5,300.0,509,554
datasets/train/images_png_jpg.rf.fc89bcc70b842d380fc0c9e299c744a6.jpg,30,26,613,610,321.5,318.0,583,584
datasets/train/indir_jpeg_jpg.rf.fd1901f6e0459c026aba7216ce2513a7.jpg,185,159,454,479,319.5,319.0,269,320
datasets/train/Ekran-goruntusu-2024-04-17-191639_png_jpg.rf.fc041a4d4b02e81db99a0eca5d954a4f.jpg,35,116,507,614,271.0,365.0,472,498
datasets/train/png-transparent-graphy-frames-circle-circle-frame-circle-frame-monochrome-black_png_jpg.rf.fbf290446685f23d65880213772cd011.jpg,0,2,639,638,319.5,320.0,639,636
datasets/train/Image_142_png_jpg.rf.fce5d4211501a7efc12631ebc452fbeb.jpg,27,42,622,587,324.5,314.5,595,545
datasets/train/indir-3-_jpeg_jpg.rf.fc9f147b29ad5a7b9e96be121f815863.jpg,0,22,622,638,311.0,330.0,622,616
datasets/train/images-12-_jpeg_jpg.rf.ff63974a7f16f1cf624920e389ddb2d8.jpg,1,3,602,627,301.5,315.0,601,624
datasets/train/images-1-_png_jpg.rf.fc09c0b676683010c43e628c66a9bc8c.jpg,108,160,523,483,315.5,321.5,415,323
datasets/train/circle-line-grunge-transparent-27_png_jpg.rf.ff7d148a01fa09ee42c767f45e9fea4a.jpg,1,0,640,638,320.5,319.0,639,638
datasets/train/Tangent-to-a-Circle-3_png_jpg.rf.fde539f756a3b74067fa17674bf995e9.jpg,94,191,523,431,308.5,311.0,429,240
datasets/train/frame333_jpg.rf.fff2a3d5b25eb61513e232e1329a8e72.jpg,173,252,640,521,406.5,386.5,467,269
datasets/train/indir-5-_jpeg_jpg.rf.ff40d3384fda6c67eb29f505ac2f42d2.jpg,80,43,580,545,330.0,294.0,500,502
datasets/train/Ekran-goruntusu-2024-04-17-191639_png_jpg.rf.fd7591d481f8c7684e448186d107a6da.jpg,133,28,599,516,366.0,272.0,466,488
datasets/train/Ekran-goruntusu-2024-04-17-191639_png_jpg.rf.fe1fafb5580b3ab3d68395e517894224.jpg,122,15,624,539,373.0,277.0,502,524
datasets/train/Ekran-goruntusu-2024-04-17-191550_png_jpg.rf.ffe38d5040497c164537a2c9e51bf807.jpg,162,41,549,638,355.5,339.5,387,597
datasets/train/Image_237_png_jpg.rf.6a1ea051619afb90f5c00429ce7ae69c.jpg,53,55,585,586,319.0,320.5,532,531
datasets/train/magic-portal-fantasy-futuristic-teleport-260nw-1716144514_jpeg_jpg.rf.699d17ff00fe43ea0e339d34af219250.jpg,63,73,617,582,340.0,327.5,554,509
datasets/train/indir-1-_jpg.rf.691f0f7b3d13b01d4c193bf8eadb5119.jpg,55,52,586,588,320.5,320.0,531,536
datasets/train/9972876148786_jpg.rf.688417647dca129d56d9003c1c437abe.jpg,1,13,638,629,319.5,321.0,637,616
datasets/train/1645884742_70-kartinkin-net-p-krug-kartinki-76_png_jpg.rf.6923d720d553b32df5a86c305094a456.jpg,1,0,638,638,319.5,319.0,637,638
datasets/train/png-transparent-circle-circle-education-science-green-circle_png_jpg.rf.67ac85d8d5b926a504a90b413a427010.jpg,89,89,552,552,320.5,320.5,463,463
datasets/train/indir-1-_jpeg_jpg.rf.6b1318bad04ba397071bd09e701030df.jpg,2,0,640,637,321.0,318.5,638,637
datasets/train/images_png_jpg.rf.68704b622e0019438598af499ed51113.jpg,16,24,615,621,315.5,322.5,599,597
datasets/train/png-transparent-circle-turquoise-circle-blue-angle-sky-plc-thumbnail_png_jpg.rf.66beda78d41b129617dc93e0cdb01e38.jpg,38,20,602,635,320.0,327.5,564,615
datasets/train/images-2-_jpeg_jpg.rf.688e171d20cd5756aa155a46f771a581.jpg,41,30,598,582,319.5,306.0,557,552
datasets/train/frame358_jpg.rf.6adcb0c1059f33d6fba4f0430eb11b30.jpg,293,362,497,638,395.0,500.0,204,276
datasets/train/53-538486_circle-hd-png-download_png_jpg.rf.6ab15f0014bcd2650674ba8df88a4904.jpg,22,27,618,596,320.0,311.5,596,569
datasets/train/png-clipart-circle-circle-white-black-thumbnail_png_jpg.rf.66cb89c6c68436d75ddfbe4725a119c8.jpg,0,0,639,639,319.5,319.5,639,639
datasets/train/png-transparent-circle-turquoise-circle-blue-angle-sky-plc-thumbnail_png_jpg.rf.66c204ab00e313578971f6d725d286f5.jpg,5,38,620,602,312.5,320.0,615,564
datasets/train/images-3-_png_jpg.rf.6a172464825caf95795f55cb1f41f3ed.jpg,12,10,627,625,319.5,317.5,615,615
datasets/train/Ekran-goruntusu-2024-04-17-191746_png_jpg.rf.69936a80e9746c9d0533332b0dda6220.jpg,33,68,509,609,271.0,338.5,476,541
datasets/train/Image_188_png_jpg.rf.67a0fed54760eebbd4702ebbfd9f904f.jpg,16,54,588,621,302.0,337.5,572,567
datasets/train/indir-3-_jpeg_jpg.rf.6cada05ed0277d45761a49ebb54a740e.jpg,24,25,609,625,316.5,325.0,585,600
datasets/train/indir-3-_jpeg_jpg.rf.6bcd2496f6302a260070cd7fb0307b16.jpg,25,25,610,626,317.5,325.5,585,601
datasets/train/indir_jpeg_jpg.rf.682854b632adde4a83eeaf0692d32a86.jpg,173,144,452,476,312.5,310.0,279,332
datasets/train/images-3-_jpg.rf.6ce54826fddc758fe3a28b1e44462fcd.jpg,53,83,586,555,319.5,319.0,533,472
datasets/train/Image_114_png_jpg.rf.689f362d77a0353124d40603f114fb41.jpg,0,5,634,639,317.0,322.0,634,634
datasets/train/images-1-_png_jpg.rf.6906a0b388bcb3c5f0e712b1079c82d7.jpg,113,160,528,483,320.5,321.5,415,323
datasets/train/images-2-_jpeg_jpg.rf.6d80dfba933f171939636a252c60ecdc.jpg,50,36,611,605,330.5,320.5,561,569
datasets/train/black-circle-thin-icon-download-9_png_jpg.rf.67f557efd6ab92eda65acc2b978cc73a.jpg,1,0,638,638,319.5,319.0,637,638
datasets/train/large-blue-circle_1f535_png_jpg.rf.6dab3f79ee29375f7e9bcff780c077be.jpg,233,156,406,483,319.5,319.5,173,327
datasets/train/frame235_jpg.rf.678031134b189bbea4a2c78cccdc446f.jpg,237,73,430,424,333.5,248.5,193,351
datasets/train/images-5-_jpeg_jpg.rf.6ddc3a86693a047110fff66c266411e1.jpg,176,175,476,535,326.0,355.0,300,360
datasets/train/indir-3-_jpg.rf.6dbb09c8c0f0d5879a9e90eb02226ef4.jpg,0,4,634,640,317.0,322.0,634,636
datasets/train/cc471efd3a9cb9e7a8980eb20a346efc_jpeg_jpg.rf.6e6dcf6ee0e4a863541aad048ff95014.jpg,76,69,570,567,323.0,318.0,494,498
datasets/train/frame341_jpg.rf.6a9eb1630e8ee4b1943460246d60a3e2.jpg,375,0,638,318,506.5,159.0,263,318
datasets/train/-28-_png_jpg.rf.6f1959fb75e6d80281514c5964895974.jpg,127,327,573,595,350.0,461.0,446,268
datasets/train/1645884627_8-kartinkin-net-p-krug-kartinki-8_jpg.rf.6dfaa17dbde2a11bb0a2416b26f9260b.jpg,0,0,636,636,318.0,318.0,636,636
datasets/train/images_png_jpg.rf.6e7745a8a01a7fa25e101e69ddcb15ca.jpg,31,26,616,611,323.5,318.5,585,585
datasets/train/images-5-_jpeg_jpg.rf.6f5471010e819522962135700e07603d.jpg,171,156,516,447,343.5,301.5,345,291
datasets/train/png-transparent-circle-circle-education-science-green-circle_png_jpg.rf.6f385c54fecd87e9d14b38a554eb70c7.jpg,75,102,565,534,320.0,318.0,490,432
datasets/train/Image_10_png_jpg.rf.6fa76cd421c1a716a02a7445b4ec0de4.jpg,93,92,550,548,321.5,320.0,457,456
datasets/train/Ekran-goruntusu-2024-04-17-191746_png_jpg.rf.6fd265c2a38341c6033cd2365bc26695.jpg,31,33,572,509,301.5,271.0,541,476
datasets/train/949c8b47f89e2822f930f0b4689b0822_png_jpg.rf.6f8526de09ee28843c228753e4ad2930.jpg,29,29,612,610,320.5,319.5,583,581
datasets/train/Image_196_png_jpg.rf.70997a4904699a7aa2d36d4db4d21e7c.jpg,0,2,639,640,319.5,321.0,639,638
datasets/train/images_jpg.rf.6de8b27791b3ec7735e73f60dd0af97d.jpg,124,156,516,484,320.0,320.0,392,328
datasets/train/images-2-_jpeg_jpg.rf.71ea823489eb3f1421078cdd5cebe2b1.jpg,50,36,611,605,330.5,320.5,561,569
datasets/train/pngtree-ink-brush-round-ink-border-png-image_4682098_jpeg_jpg.rf.6fd0a1b0f32c6e9ad84631bbff06f835.jpg,101,99,550,558,325.5,328.5,449,459
datasets/train/frame304_jpg.rf.7044f22a9ceff7201264b6da37f2401e.jpg,278,129,569,638,423.5,383.5,291,509
datasets/train/images-1-_png_jpg.rf.70732c33c73fb047405a558569f1c526.jpg,155,104,481,523,318.0,313.5,326,419
datasets/train/images-4-_jpeg_jpg.rf.7173806a4a2dfdd1c48eb55d991619a8.jpg,118,25,573,612,345.5,318.5,455,587
datasets/train/images-12-_jpeg_jpg.rf.700ea61e2f68f1abb6aa8893e7d0e9d7.jpg,36,24,617,633,326.5,328.5,581,609
datasets/train/Image_111_png_jpg.rf.70cb6b6d8d81be97e7cbbbae8ab02b12.jpg,83,84,566,569,324.5,326.5,483,485
datasets/train/images-6-_jpeg_jpg.rf.72b19478f63518572f5be2567ad38ee5.jpg,1,102,638,536,319.5,319.0,637,434
datasets/train/images-1-_jpeg_jpg.rf.7004226de65e5cbe7594775a80caec69.jpg,140,52,487,578,313.5,315.0,347,526
datasets/train/13-131941_red-circle-picture-freeuse-library-circle-png-hd_png_jpg.rf.728c6c2786a3b8073f2b64a7e1f40699.jpg,41,124,596,517,318.5,320.5,555,393
datasets/train/indir-1-_jpg.rf.71506c9c027e0d480c1c820ace6e67a7.jpg,51,54,589,585,320.0,319.5,538,531
datasets/train/indir-1-_jpeg_jpg.rf.70eded0ae5d89c4064af79ad402aad7a.jpg,0,3,638,640,319.0,321.5,638,637
datasets/train/images_jpg.rf.714d7210660214311c3e9ba39a5cad38.jpg,103,181,537,459,320.0,320.0,434,278
datasets/train/indir_jpg.rf.73d77b99e023641e652e046dff0b1088.jpg,20,75,616,564,318.0,319.5,596,489
datasets/train/images-4-_png_jpg.rf.73667c7222699f2903bb083d72102bf5.jpg,78,103,547,578,312.5,340.5,469,475
datasets/train/kirmizi_daire_jpg.rf.737734ee96be7acbc66e5f3a7737292b.jpg,0,2,638,639,319.0,320.5,638,637
datasets/train/-34-_png_jpg.rf.73b27f397b2b4fe80cc745b6355d6559.jpg,349,58,594,594,471.5,326.0,245,536
datasets/train/indir-2-_jpeg_jpg.rf.74d4be2921b568f464dad6f28897754b.jpg,7,33,640,608,323.5,320.5,633,575
datasets/train/indir_png_jpg.rf.74449c857112c7b7bc0f01ebe2fcb27a.jpg,38,36,601,598,319.5,317.0,563,562
datasets/train/different-circular-arrows-black-color-260nw-1686576286_jpeg_jpg.rf.78bb2ba1c9259edff07e831f35d6822c.jpg,39,70,198,187,118.5,128.5,159,117
datasets/train/different-circular-arrows-black-color-260nw-1686576286_jpeg_jpg.rf.78bb2ba1c9259edff07e831f35d6822c.jpg,223,35,383,152,303.0,93.5,160,117
datasets/train/different-circular-arrows-black-color-260nw-1686576286_jpeg_jpg.rf.78bb2ba1c9259edff07e831f35d6822c.jpg,250,175,408,293,329.0,234.0,158,118
datasets/train/images-1-_png_jpg.rf.765964718ae75ac5edeb123cd8958f72.jpg,108,160,522,483,315.0,321.5,414,323
datasets/train/AdobeStock_534402167_Preview_png_jpg.rf.755a9eb2111acb23722db4f0ac19de0f.jpg,29,30,609,608,319.0,319.0,580,578
datasets/train/images-2-_jpeg_jpg.rf.74f6187e101266dcfe53972265c5bd32.jpg,30,42,582,599,306.0,320.5,552,557
datasets/train/png-transparent-circle-circle-purple-blue-sphere-thumbnail_png_jpg.rf.77b47026d0a2798e4ecf465afe59b85b.jpg,33,3,623,625,328.0,314.0,590,622
datasets/train/frame234_jpg.rf.75d182f7c082cb7bca644a72c00d261f.jpg,75,223,424,414,249.5,318.5,349,191
datasets/train/frame333_jpg.rf.750ca3bc15edd54c5fff445627f37a46.jpg,252,0,521,467,386.5,233.5,269,467
datasets/train/images-1-_jpeg_jpg.rf.77bb597d497cfdc9786bd5878b7ff351.jpg,173,82,491,567,332.0,324.5,318,485
datasets/train/images-3-_jpg.rf.77e7e728c050258b1efe21a248306af0.jpg,30,109,611,529,320.5,319.0,581,420
datasets/train/-33-_png_jpg.rf.764507e22cbda12a7f4da7285b3bc849.jpg,285,93,514,619,399.5,356.0,229,526
datasets/train/indir_png_jpg.rf.74e593d151a8a3c2b3339c61ff1340dd.jpg,39,36,600,594,319.5,315.0,561,558
datasets/train/images_jpg.rf.76da4c116368e08c86347ea339a68330.jpg,124,156,516,484,320.0,320.0,392,328
datasets/train/indir-2-_jpeg_jpg.rf.77db27add5a89be67707589f15a7d61a.jpg,0,1,638,633,319.0,317.0,638,632
datasets/train/different-circular-arrows-black-color-260nw-1686576286_jpeg_jpg.rf.7677b697518e387bc8c5ff89e387a5a4.jpg,31,492,186,603,108.5,547.5,155,111
datasets/train/different-circular-arrows-black-color-260nw-1686576286_jpeg_jpg.rf.7677b697518e387bc8c5ff89e387a5a4.jpg,29,199,191,312,110.0,255.5,162,113
datasets/train/different-circular-arrows-black-color-260nw-1686576286_jpeg_jpg.rf.7677b697518e387bc8c5ff89e387a5a4.jpg,28,348,184,460,106.0,404.0,156,112
datasets/train/different-circular-arrows-black-color-260nw-1686576286_jpeg_jpg.rf.7677b697518e387bc8c5ff89e387a5a4.jpg,214,191,381,314,297.5,252.5,167,123
datasets/train/different-circular-arrows-black-color-260nw-1686576286_jpeg_jpg.rf.7677b697518e387bc8c5ff89e387a5a4.jpg,214,488,373,603,293.5,545.5,159,115
datasets/train/different-circular-arrows-black-color-260nw-1686576286_jpeg_jpg.rf.7677b697518e387bc8c5ff89e387a5a4.jpg,28,40,184,152,106.0,96.0,156,112
datasets/train/different-circular-arrows-black-color-260nw-1686576286_jpeg_jpg.rf.7677b697518e387bc8c5ff89e387a5a4.jpg,215,345,373,460,294.0,402.5,158,115
datasets/train/different-circular-arrows-black-color-260nw-1686576286_jpeg_jpg.rf.7677b697518e387bc8c5ff89e387a5a4.jpg,402,488,560,603,481.0,545.5,158,115
datasets/train/Ekran-goruntusu-2024-04-17-191658_png_jpg.rf.76599f54ffe3df1fc3319f6e60859f1a.jpg,29,1,527,532,278.0,266.5,498,531
datasets/train/png-transparent-circle-red-stickers-magenta-shape-internet-1-_png_jpg.rf.78ddcc2fa33a2a2e8109d4a779a0f7c3.jpg,62,80,581,562,321.5,321.0,519,482
datasets/train/png-transparent-circle-turquoise-circle-blue-angle-sky-plc-thumbnail_png_jpg.rf.7649983198487b30919b3b463fd60d2f.jpg,18,43,634,610,326.0,326.5,616,567
datasets/train/png-transparent-circle-circle-purple-blue-sphere-thumbnail_png_jpg.rf.76ff0b9657ed9ef46a9197023e3c1aa3.jpg,25,4,628,618,326.5,311.0,603,614
datasets/train/cable-reel-calculator-spool-calculator-drum-calculator-16_png_jpg.rf.79527910959151b91c5c74066549b9a3.jpg,87,272,329,603,208.0,437.5,242,331
datasets/train/Ekran-goruntusu-2024-04-17-191550_png_jpg.rf.78308636f24c4d3dbe0d4e0bd37bceab.jpg,96,19,463,588,279.5,303.5,367,569
datasets/train/shiny-light-circle-frame-with-yellow-foliage-png_107791-17134_jpeg_jpg.rf.78f686fd6d09225c38919d1cd54f29fe.jpg,152,105,504,565,328.0,335.0,352,460
datasets/train/cc471efd3a9cb9e7a8980eb20a346efc_jpeg_jpg.rf.766b72b0041be3b06308ac87e560665d.jpg,73,76,571,570,322.0,323.0,498,494
datasets/train/frame10_jpg.rf.74634a943b7fc098260159922cbe5e1e.jpg,0,166,388,355,194.0,260.5,388,189
datasets/train/Image_196_png_jpg.rf.7957f0717eec604eaed3957c99ace2a6.jpg,1,0,640,638,320.5,319.0,639,638
datasets/train/2048px-Red-circle-svg_png_jpg.rf.7902e67fefab9005cfa415c63acd8f7e.jpg,82,80,560,559,321.0,319.5,478,479
datasets/train/vector-bright-splashes_2065-436_jpeg_jpg.rf.74d66d341657324e93d20671362c1b7c.jpg,118,150,502,551,310.0,350.5,384,401
datasets/train/images-3-_jpeg_jpg.rf.74f243c2b3066ad9947e21884ccf8798.jpg,40,41,594,583,317.0,312.0,554,542
datasets/train/png-transparent-circle-red-circle-orange-wikimedia-commons-sphere-thumbnail_png_jpg.rf.79aa931a9ee99cf03f5ab2a54ed4923b.jpg,1,0,638,638,319.5,319.0,637,638
datasets/train/5CC7Ci-circle-png-picture_png_jpg.rf.7baa6a0e3da136735f305ce7bcb6bf58.jpg,2,0,640,639,321.0,319.5,638,639
datasets/train/png-clipart-circle-circle-frame-circle-frame-black-thumbnail_png_jpg.rf.79d2901859ccdcb9ae6b62d3041462ad.jpg,1,2,639,640,320.0,321.0,638,638
datasets/train/1645884651_43-kartinkin-net-p-krug-kartinki-44_png_jpg.rf.79f8880ecb7766b27b8525014ca8b309.jpg,2,1,640,638,321.0,319.5,638,637
datasets/train/indir_jpg.rf.798eb93510a42a9e78c4592e969d3d65.jpg,67,30,571,613,319.0,321.5,504,583
datasets/train/875-8755826_euclidean-circle-vector-border-circular-free-photo-banner_png_jpg.rf.7bf06e5224ea137188c4e09e8fc05a29.jpg,38,30,603,608,320.5,319.0,565,578
datasets/train/images-12-_jpeg_jpg.rf.7b23fa6bf18a2a5fe003605074dd3568.jpg,44,29,599,606,321.5,317.5,555,577
datasets/train/red-color-circle-sign-icon-260nw-1707237499_jpeg_jpg.rf.7aaa32a953520b7849c9e88a3a8e9dde.jpg,134,102,498,455,316.0,278.5,364,353
datasets/train/png-clipart-round-white-circle-illustration-circle-geometry-science-and-technology-circle-blue-electronics-thumbnail_png_jpg.rf.7beed291129a887f8458eb9a408bfc81.jpg,38,59,605,595,321.5,327.0,567,536
datasets/train/images-3-_jpeg_jpg.rf.7b98fb6d04178c9b3c7b5796a389f3e8.jpg,5,42,617,635,311.0,338.5,612,593
datasets/train/large-blue-circle_1f535_png_jpg.rf.7bfca0b91c3b3221ce8d28a9d2bd6174.jpg,199,178,440,460,319.5,319.0,241,282
datasets/train/png-clipart-circle-circle-frame-circle-frame-black-thumbnail_png_jpg.rf.7e4d326bf987397decacd6104d72c706.jpg,0,1,638,639,319.0,320.0,638,638
datasets/train/frame298_jpg.rf.7d8bc0be14f81e5850877bab5f0d65ba.jpg,314,149,616,638,465.0,393.5,302,489
datasets/train/9d4tma-circle-best-png_png_jpg.rf.7e2745ba8f279515ef00860f50f34c2c.jpg,0,0,638,639,319.0,319.5,638,639
datasets/train/frame234_jpg.rf.7c9c796446dda0ea35ea1ee716571cb9.jpg,226,75,417,424,321.5,249.5,191,349
datasets/train/images-5-_jpeg_jpg.rf.7cc26046e9ce4bee98a67876a4ea9012.jpg,159,185,478,454,318.5,319.5,319,269
datasets/train/images-12-_jpeg_jpg.rf.7e6c92a59735c02eb6b405da6d14ccc9.jpg,21,38,611,606,316.0,322.0,590,568
datasets/train/images-12-_jpeg_jpg.rf.7ad0c9ad3d9062aced193272aa055e13.jpg,46,29,598,601,322.0,315.0,552,572
datasets/train/images-6-_jpeg_jpg.rf.7c14e81cadd514b887c090f44ff8d254.jpg,0,101,639,537,319.5,319.0,639,436
datasets/train/indir_png_jpg.rf.7d8bb9dbf77f3732c1271e53c9594598.jpg,38,34,604,598,321.0,316.0,566,564
datasets/train/images-1-_png_jpg.rf.7fa96e70f4cd41a383ff1ab1eb61e7e2.jpg,104,159,523,485,313.5,322.0,419,326
datasets/train/images-4-_png_jpg.rf.7fb350344b78f72d343bcd6f35d74198.jpg,78,103,547,578,312.5,340.5,469,475
datasets/train/Ekran-goruntusu-2024-04-17-191639_png_jpg.rf.7b06ae8306e7699859f9fccb1dc4ed99.jpg,29,42,518,507,273.5,274.5,489,465
datasets/train/images_jpeg_jpg.rf.7ad9f96b379ac3db253d9ace184a8c7d.jpg,0,98,639,535,319.5,316.5,639,437
datasets/train/images-13-_jpeg_jpg.rf.8056b6d4ac6401bd36b9e21ee13b8e7d.jpg,95,106,542,551,318.5,328.5,447,445
datasets/train/Tangent-to-a-Circle-3_png_jpg.rf.7dd4c9a3ce6df852257b864fd06d759d.jpg,196,110,420,546,308.0,328.0,224,436
datasets/train/photo_11_2024-01-11_19-36-40_jpg.rf.8174ec020a25a10dbdd3860cd4aa6275.jpg,211,141,459,471,335.0,306.0,248,330
datasets/train/images-4-_png_jpg.rf.7df378c0f7309f44e796c4691434e2f4.jpg,106,93,558,539,332.0,316.0,452,446
datasets/train/images-1-_png_jpg.rf.80de134ae6658b00ef8251803bbd86a3.jpg,157,114,480,527,318.5,320.5,323,413
datasets/train/875-8755826_euclidean-circle-vector-border-circular-free-photo-banner_png_jpg.rf.810d5c9d3cdcf4b11271f31abcf4df97.jpg,38,30,603,608,320.5,319.0,565,578
datasets/train/images-6-_jpeg_jpg.rf.80f03b1c1548844066b5e74d60669b9e.jpg,1,100,638,533,319.5,316.5,637,433
datasets/train/Image_148_png_jpg.rf.81d382d33ae9f8ddb0261fd9387adde5.jpg,49,50,564,589,306.5,319.5,515,539
datasets/train/frame225_jpg.rf.7ef6c4af2d85018d454d24f708bfc627.jpg,129,47,309,370,219.0,208.5,180,323
datasets/train/lovepik-black-circle-border-png-image_401217970_wh1200_png_jpg.rf.7c06b802de00298e6468495eff7fc2a0.jpg,60,52,583,592,321.5,322.0,523,540
datasets/train/1645884649_23-kartinkin-net-p-krug-kartinki-23_png_jpg.rf.80a2f86de9b607c41bbccd940b8eadb0.jpg,3,1,640,638,321.5,319.5,637,637
datasets/train/images-13-_jpeg_jpg.rf.821c7f4cd245dde81d9910bfd7badb67.jpg,100,91,538,528,319.0,309.5,438,437
datasets/train/photo_9_2024-01-11_19-36-40_jpg.rf.811c3007eaa12198b1ad94d4438cf410.jpg,185,209,387,475,286.0,342.0,202,266
datasets/train/photo_9_2024-01-11_19-36-40_jpg.rf.811c3007eaa12198b1ad94d4438cf410.jpg,443,91,612,301,527.5,196.0,169,210
datasets/train/photo_9_2024-01-11_19-36-40_jpg.rf.811c3007eaa12198b1ad94d4438cf410.jpg,1,55,113,293,57.0,174.0,112,238
datasets/train/images-4-_png_jpg.rf.82772466a9210c4c8369b57216a99fe3.jpg,106,93,558,540,332.0,316.5,452,447
datasets/train/Ekran-goruntusu-2024-04-17-191730_png_jpg.rf.8428c0cce20178d60be5a9ab2c44e2e9.jpg,43,155,624,637,333.5,396.0,581,482
datasets/train/png-transparent-circle-circle-education-science-green-circle_png_jpg.rf.83bd5b6980f2976261f542f9545c2009.jpg,75,106,565,538,320.0,322.0,490,432
datasets/train/Image_177_png_jpg.rf.84ecc14d2b031e782b914d4752d882d0.jpg,126,124,517,515,321.5,319.5,391,391
datasets/train/images-3-_png_jpg.rf.832ad4b3fed4a1b0f9fb82a547b025a6.jpg,0,0,627,631,313.5,315.5,627,631
datasets/train/indir_jpg.rf.8365c5c8b60d12de8f03f94d737ce5a1.jpg,75,24,564,620,319.5,322.0,489,596
datasets/train/9972876148786_jpg.rf.835eafd69db2e0eb06ddb53f22bfe4a5.jpg,0,0,639,639,319.5,319.5,639,639
datasets/train/Image_223_jpg.rf.827237efaf3cd5757664d871e234c5b2.jpg,20,64,594,615,307.0,339.5,574,551
datasets/train/images-12-_jpeg_jpg.rf.837f4fe16c5e3e604c77f7eaccab6b2c.jpg,42,27,600,608,321.0,317.5,558,581
datasets/train/indir-5-_jpeg_jpg.rf.849df7315d68eeef32819f4284b00a08.jpg,88,81,552,549,320.0,315.0,464,468
datasets/train/indir-3-_jpeg_jpg.rf.83697a7edd54c1fe1f56d11abe725d81.jpg,1,6,638,637,319.5,321.5,637,631
datasets/train/Ekran-goruntusu-2024-04-17-191746_png_jpg.rf.84771e54f5856393f5fb4e02f70b99ea.jpg,63,43,572,487,317.5,265.0,509,444
datasets/train/indir-2-_jpeg_jpg.rf.85da95969d505ef55a3c3730cbc2cb5a.jpg,25,0,638,634,331.5,317.0,613,634
datasets/train/images-12-_jpeg_jpg.rf.81d9cb875f3271cd631ca55c95edf832.jpg,38,13,639,637,338.5,325.0,601,624
datasets/train/images-12-_jpeg_jpg.rf.869db3f5949f62f918ad70e43760c65c.jpg,13,1,637,602,325.0,301.5,624,601
datasets/train/large-blue-circle_1f535_png_jpg.rf.875a4fb306078f1e959fb787f19ea012.jpg,178,200,460,441,319.0,320.5,282,241
datasets/train/images-4-_png_jpg.rf.7f3a76b5d29b3f55b454b7daa9ac00db.jpg,107,93,557,539,332.0,316.0,450,446
datasets/train/images-1-_jpeg_jpg.rf.863a88516a10d4ab92119dae86823bfb.jpg,176,74,495,559,335.5,316.5,319,485
datasets/train/640px-Circle__28transparent_29_png_jpg.rf.86d4dee7641c4dba2b70a08faf13fe79.jpg,1,0,640,639,320.5,319.5,639,639
datasets/train/indir-1-_jpeg_jpg.rf.87ca0675c60ebdd9b713a229765bb5e0.jpg,0,3,637,639,318.5,321.0,637,636
datasets/train/shyam-uCOZHr4C0nc-unsplash_jpg.rf.828f88f4d5138bd9573e9c48dce54a83.jpg,125,190,511,447,318.0,318.5,386,257
datasets/train/-25-_png_jpg.rf.8733db78f1354b404705dd6e95c4ea28.jpg,272,3,567,422,419.5,212.5,295,419
datasets/train/images-3-_png_jpg.rf.882f639d8122143e6a1daf0c56abac8a.jpg,12,10,627,625,319.5,317.5,615,615
datasets/train/png-clipart-circle-circle-white-black-thumbnail_png_jpg.rf.86cde9927f0ff312c983884f40e9f1de.jpg,1,0,640,639,320.5,319.5,639,639
datasets/train/photo_16_2024-01-11_19-36-40_jpg.rf.870c84df927e0783008dcc5730384bca.jpg,223,390,356,486,289.5,438.0,133,96
datasets/train/indir_png_jpg.rf.8672edb98f5e6d17daf2a2750233d46c.jpg,42,38,604,601,323.0,319.5,562,563
datasets/train/Ekran-goruntusu-2024-04-17-191730_png_jpg.rf.829291bbe13e1d8fc19ae7a2a8075f39.jpg,9,116,638,638,323.5,377.0,629,522
datasets/train/indir_jpeg_jpg.rf.86a0b80dbe8a6d086b2535addec451b4.jpg,159,185,481,455,320.0,320.0,322,270
datasets/train/images-7-_jpeg_jpg.rf.8a02af0ea4615838783ff0fdb20b9029.jpg,76,0,557,638,316.5,319.0,481,638
datasets/train/Ekran-goruntusu-2024-04-17-191550_png_jpg.rf.893321a48071fdc75a1bc535baae6d27.jpg,53,96,620,462,336.5,279.0,567,366
datasets/train/indir_png_jpg.rf.87cafcc0ac32dde4dcd28ce1dc49a61d.jpg,24,25,604,600,314.0,312.5,580,575
datasets/train/1645884742_70-kartinkin-net-p-krug-kartinki-76_png_jpg.rf.88c1bfb4357bb78b077d5be3fc3d5164.jpg,1,0,638,638,319.5,319.0,637,638
datasets/train/images-6-_jpeg_jpg.rf.8950450732d04c48a027839379e10f41.jpg,1,75,638,534,319.5,304.5,637,459
datasets/train/images-5-_jpeg_jpg.rf.8a54066f68723bf07867203782b07184.jpg,184,149,463,482,323.5,315.5,279,333
datasets/train/images-1-_png_jpg.rf.8a35cc2071616abdd877a9cc344601db.jpg,112,157,527,480,319.5,318.5,415,323
datasets/train/-_png_jpg.rf.8d7c2d605e13eea74193b56b44eff408.jpg,2,1,640,638,321.0,319.5,638,637
datasets/train/images-4-_jpeg_jpg.rf.899115e024c095a116528de787865914.jpg,1,57,619,537,310.0,297.0,618,480
datasets/train/138-1389216_gold-wreath-png-calcador-para-costura-circular_png_jpg.rf.88dddb9000b7b442cf873471b0be57c8.jpg,39,72,603,569,321.0,320.5,564,497
datasets/train/images-4-_png_jpg.rf.8fc984033e36a1ae024b3eb1d6a77114.jpg,91,80,583,579,337.0,329.5,492,499
datasets/train/images-1-_png_jpg.rf.8b7c2e377e362ba9b9d34b36b1fffb5d.jpg,162,117,501,550,331.5,333.5,339,433
datasets/train/indir-2-_jpg.rf.8ab71aa27dc89f4381fbafdbf623a43e.jpg,16,167,623,478,319.5,322.5,607,311
datasets/train/1645884664_49-kartinkin-net-p-krug-kartinki-50_png_jpg.rf.8a82297ec90b66d1d3fded77525005d2.jpg,1,0,638,637,319.5,318.5,637,637
datasets/train/-11-_png_jpg.rf.8da8721710a91e39cf36c67626d937ea.jpg,68,254,241,489,154.5,371.5,173,235
datasets/train/images-12-_jpeg_jpg.rf.8bf0d801eb216079556bcf1b03efbcd2.jpg,26,40,607,597,316.5,318.5,581,557
datasets/train/-13-_png_jpg.rf.8e612aa90779264059aa89f3dd94b0e5.jpg,69,180,312,340,190.5,260.0,243,160
datasets/train/Ekran-goruntusu-2024-04-17-191658_png_jpg.rf.900e370ea162a739adf233eaa833ac91.jpg,108,122,624,593,366.0,357.5,516,471
datasets/train/png-transparent-circle-circle-purple-blue-sphere-thumbnail_png_jpg.rf.8de2878c172a4a9fa2fc7084e4c1d865.jpg,22,25,636,628,329.0,326.5,614,603
datasets/train/photo_1_2024-01-11_19-36-40_jpg.rf.8f2d91ba39e09daddf65c8e50ff72760.jpg,84,169,537,511,310.5,340.0,453,342
datasets/train/Image_148_png_jpg.rf.910fc44a0b451b2c1310941e906a3a2f.jpg,51,49,590,564,320.5,306.5,539,515
datasets/train/images_jpg.rf.8d2c90ad657d1a4b2ef5554bf7d8c456.jpg,194,98,450,541,322.0,319.5,256,443
datasets/train/frame339_jpg.rf.90ca52ca8e749844590be14ef55844ee.jpg,287,0,549,332,418.0,166.0,262,332
datasets/train/images_png_jpg.rf.8fc956f04f162c87a3a118598e15d7e4.jpg,26,27,610,610,318.0,318.5,584,583
datasets/train/indir_png_jpg.rf.8e98c4898222e1b9d6dabf854a172306.jpg,38,41,596,602,317.0,321.5,558,561
datasets/train/png-transparent-circle-red-circle-orange-wikimedia-commons-sphere-thumbnail_png_jpg.rf.8afa3bbb54c8f9bef461c9335d8a0d2b.jpg,4,1,640,637,322.0,319.0,636,636
datasets/train/Ekran-goruntusu-2024-04-17-191658_png_jpg.rf.90cae7d4c05ffccad7a2df1e325dc1b4.jpg,0,32,532,523,266.0,277.5,532,491
datasets/train/Ekran-goruntusu-2024-04-17-191658_png_jpg.rf.909ba7a4379eea24dac1cea8f3aebf9c.jpg,105,49,620,518,362.5,283.5,515,469
datasets/train/indir_jpeg_jpg.rf.90edcd4d45952169c814bf54e6e3c824.jpg,158,182,480,451,319.0,316.5,322,269
datasets/train/images-1-_png_jpg.rf.8e887c55789671f4aeb8816b7e36fd6a.jpg,106,52,463,512,284.5,282.0,357,460
datasets/train/Ekran-goruntusu-2024-04-17-191658_png_jpg.rf.91dc65526f672c59617bb47ca7cc4ca3.jpg,17,49,533,519,275.0,284.0,516,470
datasets/train/images-12-_jpeg_jpg.rf.90d141419b45c751a37c1bcd4704113a.jpg,34,44,611,599,322.5,321.5,577,555
datasets/train/indir-3-_jpeg_jpg.rf.9066913fd86f4431bc116825419cfb5d.jpg,5,19,638,638,321.5,328.5,633,619
datasets/train/13-131941_red-circle-picture-freeuse-library-circle-png-hd_png_jpg.rf.92aa61aef81bf7aac8a9608b4b8038cd.jpg,123,41,516,596,319.5,318.5,393,555
datasets/train/38132628268e7a56ef5f77b79aa957b5_png_jpg.rf.92d478c10a2d8b99aec4beb8168fed6a.jpg,139,69,500,569,319.5,319.0,361,500
datasets/train/949c8b47f89e2822f930f0b4689b0822_png_jpg.rf.94c0520f5292778e5121a790b0d6ebd6.jpg,29,29,612,610,320.5,319.5,583,581
datasets/train/1645884649_23-kartinkin-net-p-krug-kartinki-23_png_jpg.rf.94637e37c3126773db04b68f82cbf1d9.jpg,1,0,638,637,319.5,318.5,637,637
datasets/train/Ekran-goruntusu-2024-04-17-191658_png_jpg.rf.9121ce39c61c528788f2dbf343d36a2f.jpg,103,120,625,598,364.0,359.0,522,478
datasets/train/-6-_png_jpg.rf.9505b99ee5e4f4bf6bdde16f86a62093.jpg,240,216,385,424,312.5,320.0,145,208
datasets/train/images-3-_jpg.rf.95347c7b67062072ade32f23fa565d56.jpg,47,87,594,550,320.5,318.5,547,463
datasets/train/Image_148_png_jpg.rf.94cf0a1b5a531319252c9203de4eb792.jpg,50,76,589,591,319.5,333.5,539,515
datasets/train/png-transparent-circle-circle-purple-blue-sphere-thumbnail_png_jpg.rf.937e20752ff4bdf72796b418ab3fa2fa.jpg,15,33,637,623,326.0,328.0,622,590
datasets/train/images_jpeg_jpg.rf.94d12267101bbb42ec7a30c2e97c16d9.jpg,0,88,638,551,319.0,319.5,638,463
datasets/train/1645884606_15-kartinkin-net-p-krug-kartinki-15_png_jpg.rf.940e20cc0a2c6590cb68eb70d6f859b2.jpg,11,12,627,629,319.0,320.5,616,617
datasets/train/AdobeStock_605576981_Preview_jpeg_jpg.rf.95b8f0d70ea00b1abab6134db40104da.jpg,34,28,617,622,325.5,325.0,583,594
datasets/train/images-1-_png_jpg.rf.92fcd2e93dc6c0a738d84391bc3b08f4.jpg,157,114,480,528,318.5,321.0,323,414
datasets/train/images-1-_jpg.rf.916ea6e95b1759576fa167082d5b2cde.jpg,62,64,573,575,317.5,319.5,511,511
datasets/train/Image_156_jpg.rf.936f55d60a164896bab2f2318b13676d.jpg,44,43,595,593,319.5,318.0,551,550
datasets/train/images-4-_png_jpg.rf.96a0492e16df02247ac59da3e8a4efee.jpg,106,93,557,539,331.5,316.0,451,446
datasets/train/frame410_jpg.rf.93d12fdabc9c62f251fdcefd47edec76.jpg,65,191,206,428,135.5,309.5,141,237
datasets/train/photo_4_2024-01-11_19-36-40_jpg.rf.92fb5e8ed6539818fede2b8507c1b448.jpg,211,288,457,457,334.0,372.5,246,169
datasets/train/images-1-_jpg.rf.974e195d9948f2e19864f18d807c0814.jpg,65,62,576,573,320.5,317.5,511,511
datasets/train/images-13-_jpeg_jpg.rf.9784e7a9b549d0fa3009b1d9634ef705.jpg,113,101,549,538,331.0,319.5,436,437
datasets/train/png-transparent-brown-ring-circle-icon-painted-orange-circle-watercolor-painting-angle-ink_png_jpg.rf.941209aeac2f3b803faa592c906472be.jpg,65,0,575,639,320.0,319.5,510,639
datasets/train/indir-3-_jpeg_jpg.rf.98784944c03dcc7f069107b93cb199b3.jpg,31,26,629,608,330.0,317.0,598,582
datasets/train/1645884606_15-kartinkin-net-p-krug-kartinki-15_png_jpg.rf.95c401765bc9897fb072ab02e872312a.jpg,11,11,628,627,319.5,319.0,617,616
datasets/train/-15-_png_jpg.rf.98fa0f7b0e1f5657e6a345c10d5ac2c6.jpg,131,190,349,493,240.0,341.5,218,303
datasets/train/png-clipart-circle-point-circle-area-circle-thumbnail_png_jpg.rf.965276dc3c91a4d7cfbef92ec15cd425.jpg,39,52,604,586,321.5,319.0,565,534
datasets/train/circle-vector-outline-icon-isolated-260nw-1211322610_jpeg_jpg.rf.97a8238c90f7d883df463c40710c1454.jpg,127,99,512,457,319.5,278.0,385,358
datasets/train/images-1-_png_jpg.rf.95968eacef7e83be1a58423b0e8118ff.jpg,117,139,550,478,333.5,308.5,433,339
datasets/train/images-12-_jpeg_jpg.rf.97fec5c2d4bfd5334eb43dd92fdc94b7.jpg,42,27,600,608,321.0,317.5,558,581
datasets/train/large-blue-circle_1f535_png_jpg.rf.97c0a1d270d8ef002f8611095d2bf00d.jpg,160,224,479,416,319.5,320.0,319,192
datasets/train/depositphotos_40481065-stock-photo-coin_jpeg_jpg.rf.97dbab5f8365a654fe2951ce8ba8510a.jpg,104,76,535,573,319.5,324.5,431,497
datasets/train/frame332_jpg.rf.9524e37d5f686e997014d234868cbb30.jpg,0,127,459,398,229.5,262.5,459,271
datasets/train/-_png_jpg.rf.97fb57052cea7bd1042a89e4a8160578.jpg,1,0,638,638,319.5,319.0,637,638
datasets/train/-_png_jpg.rf.97445cb004bc15be3b49b209c88c0968.jpg,1,0,638,638,319.5,319.0,637,638
datasets/train/indir-5-_jpeg_jpg.rf.97bd73819b7a91e44f434101f58859bc.jpg,85,80,553,554,319.0,317.0,468,474
datasets/train/photo_1_2024-01-11_19-36-40_jpg.rf.995349c62d9ec3470d341b2bde2c4d45.jpg,169,103,511,557,340.0,330.0,342,454
datasets/train/-14-_png_jpg.rf.994a532cc82aa574dd06a3f9c096a9ed.jpg,65,183,294,488,179.5,335.5,229,305
datasets/train/magic-portal-fantasy-futuristic-teleport-260nw-1716144514_jpeg_jpg.rf.9a3e4fba78e29c6e1a271030da5a2c93.jpg,58,63,567,617,312.5,340.0,509,554
datasets/train/1645884649_23-kartinkin-net-p-krug-kartinki-23_png_jpg.rf.999d824c8b07a2e4b38bafd841d93554.jpg,0,2,637,639,318.5,320.5,637,637
datasets/train/circle-vector-outline-icon-isolated-260nw-1211322610_jpeg_jpg.rf.9b19abdd17ecc8e889436a056de8a66c.jpg,132,180,519,541,325.5,360.5,387,361
datasets/train/frame10_jpg.rf.9a6039637f0147a7c7a050630816c2c5.jpg,0,166,388,355,194.0,260.5,388,189
datasets/train/images-5-_jpeg_jpg.rf.9c1d65d4eb5081c99f3c94431a089beb.jpg,159,182,479,450,319.0,316.0,320,268
datasets/train/Image_80_jpg.rf.9be3af88fc1bfde95b68aecdf9416e0f.jpg,22,21,621,621,321.5,321.0,599,600
datasets/train/png-transparent-circle-red-circle-orange-wikimedia-commons-sphere-thumbnail_png_jpg.rf.9bf434d261551dbbbe9891bf063920b4.jpg,1,0,637,637,319.0,318.5,636,637
datasets/train/indir-3-_jpeg_jpg.rf.990bcc28654d94b6027be0f5dda38e0e.jpg,26,26,609,625,317.5,325.5,583,599
datasets/train/images-3-_jpeg_jpg.rf.9ed94bea6663e5a52e17b398d1bfce35.jpg,57,40,599,594,328.0,317.0,542,554
datasets/train/circle-vector-outline-icon-isolated-260nw-1211322610_jpeg_jpg.rf.993769a17bddce411bbce38ce8c2b1b4.jpg,99,132,460,519,279.5,325.5,361,387
datasets/train/109614_png_jpg.rf.9d040cd5443c3bec36fc6eecfb176c05.jpg,27,2,612,638,319.5,320.0,585,636
datasets/train/images-5-_jpeg_jpg.rf.9e5af6edd33ce542e84059d31bb5df18.jpg,159,185,478,454,318.5,319.5,319,269
datasets/train/images-3-_png_jpg.rf.9bcc405ac8bd7c4ded5ec9298cc8f740.jpg,0,13,631,640,315.5,326.5,631,627
datasets/train/1645884699_67-kartinkin-net-p-krug-kartinki-72_png_jpg.rf.9ed05c474d318d9752dd63d924325db6.jpg,66,72,585,593,325.5,332.5,519,521
datasets/train/indir-5-_jpeg_jpg.rf.9a82a9a3c611982db24295f4fa56c614.jpg,80,85,550,554,315.0,319.5,470,469
datasets/train/-8-_png_jpg.rf.9e0ca6517b9f151f2d77dab434a616f6.jpg,324,253,478,467,401.0,360.0,154,214
datasets/train/images-3-_jpg.rf.9b83e22fc3d0f10beb9da583d3319291.jpg,34,110,607,529,320.5,319.5,573,419
datasets/train/black-circle-thin-icon-download-9_png_jpg.rf.9ab2726ebe7d8c4903876f83f241176b.jpg,2,1,640,638,321.0,319.5,638,637
datasets/train/indir_jpeg_jpg.rf.9d093faacdb6fe3f4d7b73475254a01c.jpg,159,186,479,455,319.0,320.5,320,269
datasets/train/pngtree-ink-brush-round-ink-border-png-image_4682098_jpeg_jpg.rf.9d52d99fc5bc721f71f19a56a737fb39.jpg,82,101,541,550,311.5,325.5,459,449
datasets/train/frame304_jpg.rf.9b1bd73971d5d123990de6d132dcd6ef.jpg,129,71,638,362,383.5,216.5,509,291
datasets/train/-24-_png_jpg.rf.9f39d4c315bfa52f04aa50f3dbbadb7e.jpg,74,133,474,412,274.0,272.5,400,279
datasets/train/Ekran-goruntusu-2024-04-17-191620_png_jpg.rf.373f70f81e2cd50cf0694dc11bde46e4.jpg,15,6,438,600,226.5,303.0,423,594
datasets/train/large-blue-circle_1f535_png_jpg.rf.3636b0e8b0abd18b4f78e309a4de3722.jpg,166,218,474,421,320.0,319.5,308,203
datasets/train/-9-_png_jpg.rf.35069e20f77928c2b689f8c4713a64f0.jpg,156,332,373,488,264.5,410.0,217,156
datasets/train/different-circular-arrows-black-color-260nw-1686576286_jpeg_jpg.rf.342bb91212550af0a13f9e1933db4e6f.jpg,454,37,609,148,531.5,92.5,155,111
datasets/train/different-circular-arrows-black-color-260nw-1686576286_jpeg_jpg.rf.342bb91212550af0a13f9e1933db4e6f.jpg,449,328,611,441,530.0,384.5,162,113
datasets/train/different-circular-arrows-black-color-260nw-1686576286_jpeg_jpg.rf.342bb91212550af0a13f9e1933db4e6f.jpg,456,180,612,292,534.0,236.0,156,112
datasets/train/different-circular-arrows-black-color-260nw-1686576286_jpeg_jpg.rf.342bb91212550af0a13f9e1933db4e6f.jpg,259,326,426,449,342.5,387.5,167,123
datasets/train/different-circular-arrows-black-color-260nw-1686576286_jpeg_jpg.rf.342bb91212550af0a13f9e1933db4e6f.jpg,267,37,426,152,346.5,94.5,159,115
datasets/train/different-circular-arrows-black-color-260nw-1686576286_jpeg_jpg.rf.342bb91212550af0a13f9e1933db4e6f.jpg,456,488,612,600,534.0,544.0,156,112
datasets/train/different-circular-arrows-black-color-260nw-1686576286_jpeg_jpg.rf.342bb91212550af0a13f9e1933db4e6f.jpg,267,180,425,295,346.0,237.5,158,115
datasets/train/different-circular-arrows-black-color-260nw-1686576286_jpeg_jpg.rf.342bb91212550af0a13f9e1933db4e6f.jpg,80,37,238,152,159.0,94.5,158,115
datasets/train/Ekran-goruntusu-2024-04-17-191639_png_jpg.rf.375fc8af47c51a0b8de30c92b4a2112d.jpg,121,132,611,599,366.0,365.5,490,467
datasets/train/images-1-_jpeg_jpg.rf.3837cd52cf2ed333732fa85ba3939f49.jpg,140,52,487,578,313.5,315.0,347,526
datasets/train/images-6-_jpeg_jpg.rf.38d73306a5d29b1650620fa22a0e5489.jpg,101,1,537,640,319.0,320.5,436,639
datasets/train/indir-5-_jpeg_jpg.rf.3450e4a6e57d958e32f97e5f971d2589.jpg,90,86,560,555,325.0,320.5,470,469
datasets/train/Image_80_jpg.rf.368fe6c40ec1413e092de68cac0ac69a.jpg,21,19,621,618,321.0,318.5,600,599
datasets/train/875-8755826_euclidean-circle-vector-border-circular-free-photo-banner_png_jpg.rf.3935a540c71955a6145ec2a8d5d40331.jpg,32,35,608,602,320.0,318.5,576,567
datasets/train/images-6-_jpeg_jpg.rf.358e96c36ee003288fc60d44e408ce68.jpg,106,1,565,638,335.5,319.5,459,637
datasets/train/large-blue-circle_1f535_png_jpg.rf.34f596b2655a8e211a53ba6540181e32.jpg,166,219,474,422,320.0,320.5,308,203
datasets/train/Image_224_png_jpg.rf.376162b1faa4407509953f0a16ab3688.jpg,43,35,609,598,326.0,316.5,566,563
datasets/train/indir_jpeg_jpg.rf.3230db88410f5465a218b46c7c1180da.jpg,159,185,481,455,320.0,320.0,322,270
datasets/train/Ekran-goruntusu-2024-04-17-191746_png_jpg.rf.338ccc1004dbf409dd12c2b7a644d303.jpg,59,41,592,505,325.5,273.0,533,464
datasets/train/shiny-light-circle-frame-with-yellow-foliage-png_107791-17134_jpeg_jpg.rf.333d17582ae19da7aa228f4571188cb4.jpg,75,152,535,504,305.0,328.0,460,352
datasets/train/glow-gold-circle-frame-free-png_png_jpg.rf.367eaf55cb48bdbc699332339386d5d5.jpg,35,46,601,593,318.0,319.5,566,547
datasets/train/black-circle-thin-icon-download-9_png_jpg.rf.380db52e9f042a632abe610f3281ccef.jpg,0,2,638,639,319.0,320.5,638,637
datasets/train/512-5124576_round-circle-png-round-circle-pic-png-transparent_png_jpg.rf.387fc3f582cba7db255c9939f27030e6.jpg,39,19,614,616,326.5,317.5,575,597
datasets/train/indir-2-_jpeg_jpg.rf.3859c2c98572ca2851273722af3a1a32.jpg,0,32,632,609,316.0,320.5,632,577
datasets/train/indir_png_jpg.rf.36531b2d7151ebffabcc413dbc0a31c9.jpg,38,36,602,599,320.0,317.5,564,563
datasets/train/Ekran-goruntusu-2024-04-17-191550_png_jpg.rf.36a576ccdfec5322cdafda570e164631.jpg,41,91,638,478,339.5,284.5,597,387
datasets/train/frame418_jpg.rf.376e270746ef90d516d8247dfb35ca0f.jpg,362,96,599,233,480.5,164.5,237,137
datasets/train/Image_129_png_jpg.rf.3996cf6151607688becd0f589933d479.jpg,54,53,585,584,319.5,318.5,531,531
datasets/train/Ekran-goruntusu-2024-04-17-191746_png_jpg.rf.39ccb489008e45b3e57499ef6c647f74.jpg,48,135,581,599,314.5,367.0,533,464
datasets/train/indir-3-_jpeg_jpg.rf.3989ce9daad87f51397f98c50fbd538d.jpg,25,30,626,615,325.5,322.5,601,585
datasets/train/-21-_png_jpg.rf.3c689d0d88864c8fc323ef8e16100a72.jpg,55,6,313,378,184.0,192.0,258,372
datasets/train/images-4-_png_jpg.rf.3cdaf9fd71cad5f2ba38c40fb62e663e.jpg,101,107,547,557,324.0,332.0,446,450
datasets/train/png-transparent-circle-red-circle-orange-wikimedia-commons-sphere-thumbnail_png_jpg.rf.3ce47a6f5f6d1e88acdefe99eb8d4ab0.jpg,1,0,637,637,319.0,318.5,636,637
datasets/train/2749-png_860_png_jpg.rf.3b85214058f1fbd9bf75a8362b05e551.jpg,57,45,555,558,306.0,301.5,498,513
datasets/train/red-circle-download-png-6_png_jpg.rf.3a4a28656ee7702b37a35d89fe616af5.jpg,21,18,618,617,319.5,317.5,597,599
datasets/train/indir_jpg.rf.3d64987e7142e6a2d91b616287c9c383.jpg,22,68,618,571,320.0,319.5,596,503
datasets/train/Image_148_png_jpg.rf.3cb414868626a404b1b332e94861d0b4.jpg,49,50,564,589,306.5,319.5,515,539
datasets/train/kirmizi_daire_jpg.rf.3ab180311a92460d90882699fde4f32a.jpg,4,3,635,638,319.5,320.5,631,635
datasets/train/-_png_jpg.rf.3b2476338fa36d96eaa4ef5611b79a4f.jpg,0,2,638,639,319.0,320.5,638,637
datasets/train/images-5-_jpeg_jpg.rf.3cbde3188203d659649fbdb4bdf72050.jpg,176,175,476,535,326.0,355.0,300,360
datasets/train/d0d931ac43baf78e8b0c90b7aa52a098_jpeg_jpg.rf.3b24356c7eec65228ace494784ad6e97.jpg,110,99,541,531,325.5,315.0,431,432
datasets/train/indir-1-_jpeg_jpg.rf.3ca3400e20b8aae2825d58bc15babae1.jpg,2,1,640,638,321.0,319.5,638,637
datasets/train/png-transparent-graphy-frames-circle-circle-frame-circle-frame-monochrome-black_png_jpg.rf.3a5af308c2dbe00491ddbc11e22d1dd4.jpg,0,2,639,638,319.5,320.0,639,636
datasets/train/cc471efd3a9cb9e7a8980eb20a346efc_jpeg_jpg.rf.39fb0eca09c653773609a277e0f8e065.jpg,76,67,568,567,322.0,317.0,492,500
datasets/train/images-1-_png_jpg.rf.3a6fe630709adcb6de1799ff80709f2c.jpg,157,114,479,527,318.0,320.5,322,413
datasets/train/yolo-yon_png_jpg.rf.39c5b16f51ce70455595c90704abda62.jpg,214,130,584,589,399.0,359.5,370,459
datasets/train/frame259_jpg.rf.3b4c6d5a5dc9f0bf893b8f913a095534.jpg,312,0,586,465,449.0,232.5,274,465
datasets/train/images-7-_jpeg_jpg.rf.3d23f82a9a79384aa6500ea28e6659b1.jpg,0,102,638,565,319.0,333.5,638,463
datasets/train/138-1389216_gold-wreath-png-calcador-para-costura-circular_png_jpg.rf.3e14d051e151d11de715be90778fbfab.jpg,72,37,569,601,320.5,319.0,497,564
datasets/train/glow-gold-circle-frame-free-png_png_jpg.rf.3defaa2a3af92108d19aeadc0d3d4a28.jpg,46,39,593,605,319.5,322.0,547,566
datasets/train/38132628268e7a56ef5f77b79aa957b5_png_jpg.rf.3dfbf14a88c69c3138e815a857cabae2.jpg,70,138,570,500,320.0,319.0,500,362
datasets/train/Image_156_jpg.rf.3d132fb2109770a1fa0b8d2029b867b3.jpg,44,43,595,593,319.5,318.0,551,550
datasets/train/Ekran-goruntusu-2024-04-17-191550_png_jpg.rf.3e443fce18ccc473e8eb3b25d05ba44b.jpg,96,20,462,587,279.0,303.5,366,567
datasets/train/Ekran-goruntusu-2024-04-17-191550_png_jpg.rf.3e1bd41f3f8ac4a8c3452e7265231fe8.jpg,177,52,544,621,360.5,336.5,367,569
datasets/train/images-12-_jpeg_jpg.rf.3ec261ecf1a6808b7a1ee571fc7baa46.jpg,46,29,598,601,322.0,315.0,552,572
datasets/train/Ekran-goruntusu-2024-04-17-191746_png_jpg.rf.3e0c16145ae97f2515f74d1e6a1ac948.jpg,31,33,572,509,301.5,271.0,541,476
datasets/train/arquivo-de-corte-topo-de-bolo-circular-arcos-floral_jpeg_jpg.rf.3e81aaa4b5e8aae3038e5ee2a4627657.jpg,153,449,413,634,283.0,541.5,260,185
datasets/train/arquivo-de-corte-topo-de-bolo-circular-arcos-floral_jpeg_jpg.rf.3e81aaa4b5e8aae3038e5ee2a4627657.jpg,29,170,251,326,140.0,248.0,222,156
datasets/train/arquivo-de-corte-topo-de-bolo-circular-arcos-floral_jpeg_jpg.rf.3e81aaa4b5e8aae3038e5ee2a4627657.jpg,457,86,621,210,539.0,148.0,164,124
datasets/train/arquivo-de-corte-topo-de-bolo-circular-arcos-floral_jpeg_jpg.rf.3e81aaa4b5e8aae3038e5ee2a4627657.jpg,260,165,470,316,365.0,240.5,210,151
datasets/train/arquivo-de-corte-topo-de-bolo-circular-arcos-floral_jpeg_jpg.rf.3e81aaa4b5e8aae3038e5ee2a4627657.jpg,21,10,224,155,122.5,82.5,203,145
datasets/train/arquivo-de-corte-topo-de-bolo-circular-arcos-floral_jpeg_jpg.rf.3e81aaa4b5e8aae3038e5ee2a4627657.jpg,244,5,459,161,351.5,83.0,215,156
datasets/train/arquivo-de-corte-topo-de-bolo-circular-arcos-floral_jpeg_jpg.rf.3e81aaa4b5e8aae3038e5ee2a4627657.jpg,273,330,448,457,360.5,393.5,175,127
datasets/train/arquivo-de-corte-topo-de-bolo-circular-arcos-floral_jpeg_jpg.rf.3e81aaa4b5e8aae3038e5ee2a4627657.jpg,433,407,627,549,530.0,478.0,194,142
datasets/train/images-1-_jpg.rf.3eff31bd27f18e1762857f3b8f1e9e9f.jpg,67,65,578,576,322.5,320.5,511,511
datasets/train/indir-5-_jpeg_jpg.rf.406bc8794c59fb86bb3bf59b95f6df8b.jpg,85,80,553,554,319.0,317.0,468,474
datasets/train/png-transparent-circle-circle-purple-blue-sphere-thumbnail_png_jpg.rf.3f2c4ead187447535af95362cdcc09a9.jpg,3,27,629,636,316.0,331.5,626,609
datasets/train/1710763_08272_jpeg_jpg.rf.40daacd615c055dde88712f2de957c0c.jpg,91,8,495,628,293.0,318.0,404,620
datasets/train/photo_7_2024-01-11_19-36-40_jpg.rf.42ed839967a117e0b464894594876cda.jpg,228,127,524,519,376.0,323.0,296,392
datasets/train/800px-Circle_-_black_simple-svg_png_jpg.rf.3fc126b09588bada3ab4a1681cc9b4bc.jpg,55,54,587,585,321.0,319.5,532,531
datasets/train/1645884677_62-kartinkin-net-p-krug-kartinki-66_png_jpg.rf.40716ce71ad84ca4592eec86cc99bda7.jpg,0,2,638,639,319.0,320.5,638,637
datasets/train/images-3-_jpg.rf.3fbab706c516e56a5e7231608ba97fb4.jpg,27,114,615,523,321.0,318.5,588,409
datasets/train/images-12-_jpeg_jpg.rf.40671593bc1205b0a9e750b91e316dfb.jpg,34,21,602,611,318.0,316.0,568,590
datasets/train/indir-1-_jpg.rf.41a5b443f8027c97e5b000cd6b17bb80.jpg,52,54,588,585,320.0,319.5,536,531
datasets/train/images-4-_png_jpg.rf.3fcc049f410b1d56ef705b020b0167f2.jpg,101,106,547,558,324.0,332.0,446,452
datasets/train/images-12-_jpeg_jpg.rf.41c03d4e5ddeb87a26ca7d7fbadc5312.jpg,24,23,633,604,328.5,313.5,609,581
datasets/train/kirmizi_daire_jpg.rf.3fb5bdde633f10503320fab83ae3f42e.jpg,2,4,637,635,319.5,319.5,635,631
datasets/train/Image_111_png_jpg.rf.41c514de72e13db4ba95dd9ace6e6d6f.jpg,83,84,566,569,324.5,326.5,483,485
datasets/train/Image_111_png_jpg.rf.40f0d9b1c4cc44c1c57b263d9ac06b1d.jpg,71,83,556,566,313.5,324.5,485,483
datasets/train/1645884573_19-kartinkin-net-p-krug-kartinki-19_png_jpg.rf.42fca3984696963f44d765421248c7db.jpg,1,0,638,638,319.5,319.0,637,638
datasets/train/png-transparent-circle-red-circle-orange-wikimedia-commons-sphere-thumbnail_png_jpg.rf.443f290192a6406555eec1a69e1e6f7c.jpg,1,0,638,638,319.5,319.0,637,638
datasets/train/images-10-_jpeg_jpg.rf.407dc4ac99983f2c074217b18afccf2c.jpg,64,59,578,573,321.0,316.0,514,514
datasets/train/images-6-_jpeg_jpg.rf.407986d8257947875cc445f9c7295495.jpg,83,0,563,638,323.0,319.0,480,638
datasets/train/images-3-_jpeg_jpg.rf.442e6a7e7130dcd7aa411238c88334ce.jpg,40,41,594,583,317.0,312.0,554,542
datasets/train/Image_188_png_jpg.rf.430e097b3ab82f98ce86e34410557b0e.jpg,54,52,621,624,337.5,338.0,567,572
datasets/train/indir-1-_jpeg_jpg.rf.408cbbf9926dea9cc3902b273a9b44c8.jpg,0,0,637,638,318.5,319.0,637,638
datasets/train/indir-3-_jpeg_jpg.rf.42bb14f81c0daaf4bc215ed67225a1a7.jpg,0,22,622,638,311.0,330.0,622,616
datasets/train/images-3-_jpg.rf.438ef1246c9e8135224b86e42a90b261.jpg,109,29,529,610,319.0,319.5,420,581
datasets/train/indir-2-_jpeg_jpg.rf.453b66c3392533f06c7b2c6e94d8173f.jpg,1,2,633,640,317.0,321.0,632,638
datasets/train/949c8b47f89e2822f930f0b4689b0822_png_jpg.rf.4059c1292b5c6d4a9e6f186b3cb1e91b.jpg,30,28,610,610,320.0,319.0,580,582
datasets/train/images-3-_jpg.rf.46688ada85f8d4dcd3bcd3c1ac9d74e7.jpg,114,25,523,613,318.5,319.0,409,588
datasets/train/images-10-_jpeg_jpg.rf.45be827930bd4060edd672d70644b658.jpg,62,65,582,584,322.0,324.5,520,519
datasets/train/1645884664_49-kartinkin-net-p-krug-kartinki-50_png_jpg.rf.463c79e21f53fdfe6f901b8fb990ad47.jpg,3,1,640,638,321.5,319.5,637,637
datasets/train/large-blue-circle_1f535_png_jpg.rf.4556e71a248a748bd83d8006cf3576db.jpg,180,199,462,440,321.0,319.5,282,241
datasets/train/images_png_jpg.rf.48fccb937848343100d634721f954aa1.jpg,2,27,627,638,314.5,332.5,625,611
datasets/train/-1-_png_jpg.rf.45e329ada80f2f65444ec10d2dfeac1f.jpg,164,19,325,257,244.5,138.0,161,238
datasets/train/png-transparent-brown-ring-circle-icon-painted-orange-circle-watercolor-painting-angle-ink_png_jpg.rf.465df5bae645468de88fb2c5f66a1d97.jpg,0,65,639,574,319.5,319.5,639,509
datasets/train/large-blue-circle_1f535_png_jpg.rf.48a7567cbe71e714c3a988347af575ee.jpg,218,166,421,474,319.5,320.0,203,308
datasets/train/frame358_jpg.rf.49854c0396a6015b95b3cf559f2e500f.jpg,293,362,497,638,395.0,500.0,204,276
datasets/train/c1282df2d016d473a4fe0a9337965b11_png_jpg.rf.49068cf224a51f49f21ee928d9672117.jpg,136,71,502,568,319.0,319.5,366,497
datasets/train/images-4-_jpeg_jpg.rf.46d5796d36ecd1becc9cfd90722dfe7d.jpg,26,69,612,522,319.0,295.5,586,453
datasets/train/Image_114_png_jpg.rf.465eae3f759bc5c40cc2fe93f8c5e600.jpg,1,0,635,634,318.0,317.0,634,634
datasets/train/indir-1-_jpeg_jpg.rf.4769c872af85b93db432bca89f1f93c6.jpg,1,1,638,638,319.5,319.5,637,637
datasets/train/Image_10_png_jpg.rf.490915353b5cb5eb07fb6a7fca4dbb43.jpg,90,92,547,548,318.5,320.0,457,456
datasets/train/frame235_jpg.rf.495e54462ae1473135bffa1b4231c6ed.jpg,237,73,430,424,333.5,248.5,193,351
datasets/train/indir-1-_jpeg_jpg.rf.460854df1ea1f29c918d9384c10cf781.jpg,1,1,638,638,319.5,319.5,637,637
datasets/train/indir_jpeg_jpg.rf.49e0049708c40c6d96205fdc09456527.jpg,159,186,479,454,319.0,320.0,320,268
datasets/train/Image_142_png_jpg.rf.47ad035025fd5f20dc769f1c5eca07fe.jpg,42,18,587,613,314.5,315.5,545,595
datasets/train/images-10-_jpeg_jpg.rf.48789b11592275468d1248c8f7b43ddc.jpg,65,56,593,584,329.0,320.0,528,528
datasets/train/indir-5-_jpeg_jpg.rf.445fc187793039deb9981396d4f74f39.jpg,73,90,576,592,324.5,341.0,503,502
datasets/train/7287_png_jpg.rf.4a327639525a1383a9894db5260000d2.jpg,44,42,594,594,319.0,318.0,550,552
datasets/train/images_jpeg_jpg.rf.4aaabe82decee9b215032042f7a3cc6d.jpg,89,0,552,638,320.5,319.0,463,638
datasets/train/frame225_jpg.rf.4bd3991d3ba774936bf90157e7266bbd.jpg,270,129,593,309,431.5,219.0,323,180
datasets/train/images-6-_jpeg_jpg.rf.4a55f78e347001ea4199817d787f4283.jpg,0,87,638,550,319.0,318.5,638,463
datasets/train/indir-3-_jpeg_jpg.rf.4b4fc647ee3fb69f6abe7878a1d794ce.jpg,4,17,635,631,319.5,324.0,631,614
datasets/train/set-glowing-neon-color-circles-260nw-2166315269_jpeg_jpg.rf.4aa111affcb24265ebc6134e2c25c822.jpg,18,81,187,518,102.5,299.5,169,437
datasets/train/set-glowing-neon-color-circles-260nw-2166315269_jpeg_jpg.rf.4aa111affcb24265ebc6134e2c25c822.jpg,441,29,610,467,525.5,248.0,169,438
datasets/train/set-glowing-neon-color-circles-260nw-2166315269_jpeg_jpg.rf.4aa111affcb24265ebc6134e2c25c822.jpg,229,56,397,493,313.0,274.5,168,437
datasets/train/images-1-_png_jpg.rf.4b5d65beb853205dd3da1a5b247eff64.jpg,117,139,550,478,333.5,308.5,433,339
datasets/train/images-5-_jpeg_jpg.rf.4b2ad5571b8c09bd109058db8cddbf4b.jpg,181,151,456,479,318.5,315.0,275,328
datasets/train/png-transparent-circle-red-stickers-magenta-shape-internet-1-_png_jpg.rf.4c167c1964a2ccaacc40c4137460dc13.jpg,102,41,540,598,321.0,319.5,438,557
datasets/train/Ekran-goruntusu-2024-04-17-191620_png_jpg.rf.493f11c9bfb8e02283f0a755e2b902fb.jpg,17,38,582,442,299.5,240.0,565,404
datasets/train/1645884619_25-kartinkin-net-p-krug-kartinki-25_png_jpg.rf.4afa9fad618d4d463cfd6acea66131e6.jpg,10,8,633,631,321.5,319.5,623,623
datasets/train/images-2-_jpeg_jpg.rf.4ba2d7646abd2d535988bc39205058bc.jpg,57,40,611,599,334.0,319.5,554,559
datasets/train/Image_237_png_jpg.rf.47a20b445cea4a4d573384e526c3eeca.jpg,54,53,585,585,319.5,319.0,531,532
datasets/train/indir-3-_jpeg_jpg.rf.4a5a3496adcf39d2e5c4c6df7237c983.jpg,17,5,631,636,324.0,320.5,614,631
datasets/train/Image_188_png_jpg.rf.4bfe2ae31054581178303ef218cada72.jpg,19,17,586,588,302.5,302.5,567,571
datasets/train/png-transparent-circle-turquoise-circle-blue-angle-sky-plc-thumbnail_png_jpg.rf.4b1d561ac277a9bbd48b2e9417dbf5ef.jpg,6,30,622,597,314.0,313.5,616,567
datasets/train/Ekran-goruntusu-2024-04-17-191639_png_jpg.rf.4cb0a7d9956202c604886ac3140ccfa5.jpg,133,29,598,518,365.5,273.5,465,489
datasets/train/indir-1-_jpg.rf.4cc37ce236659613df03376d6671bee2.jpg,54,54,586,585,320.0,319.5,532,531
datasets/train/indir_png_jpg.rf.4c2646403d0294bd80949ba03437b7ed.jpg,36,38,599,602,317.5,320.0,563,564
datasets/train/Ekran-goruntusu-2024-04-17-191730_png_jpg.rf.4b7b4c800968c8fea544ca51c55af27b.jpg,37,42,640,622,338.5,332.0,603,580
datasets/train/9d4tma-circle-best-png_png_jpg.rf.49e4e1d07639406cfe8e75f56316b561.jpg,0,2,639,640,319.5,321.0,639,638
datasets/train/c1282df2d016d473a4fe0a9337965b11_png_jpg.rf.4c3ebe27f7966749ef5f50aa6525996e.jpg,72,136,569,502,320.5,319.0,497,366
datasets/train/images-10-_jpeg_jpg.rf.4c7d0d0d57d616bc4a9a35a55f3fd7e8.jpg,56,62,575,582,315.5,322.0,519,520
datasets/train/1645884696_72-kartinkin-net-p-krug-kartinki-78_jpg.rf.4da8c940074f339604296ad0844a8f97.jpg,11,17,614,620,312.5,318.5,603,603
datasets/train/kisspng-circle-area-black-and-white-pattern-circle-png-hd-5a71f9ae94d270-8080753315174189266096_jpeg_jpg.rf.4da767824c1ddfa6e46fad2ce9fa75d9.jpg,77,79,559,561,318.0,320.0,482,482
datasets/train/indir_jpeg_jpg.rf.4faa9b0a1372629ffe5eb9d9d8e28f12.jpg,158,182,480,451,319.0,316.5,322,269
datasets/train/53-538486_circle-hd-png-download_png_jpg.rf.4c26a67684f9951fdbfa85b6cba983b8.jpg,22,27,618,596,320.0,311.5,596,569
datasets/train/9142-png_300_png_jpg.rf.4e6330fb5e50f57bf04d846b38c96685.jpg,83,161,559,479,321.0,320.0,476,318
datasets/train/indir-1-_jpeg_jpg.rf.4da7a80e8b7ddc341dd4972ada04c1a0.jpg,0,6,638,639,319.0,322.5,638,633
datasets/train/AdobeStock_680079320_Preview_png_jpg.rf.4ad59612a86781e5f955ba61ebd842eb.jpg,126,125,516,515,321.0,320.0,390,390
datasets/train/512-5124576_round-circle-png-round-circle-pic-png-transparent_png_jpg.rf.4ed702e3651c5e2c9e23b2eea750ba66.jpg,24,39,621,614,322.5,326.5,597,575
datasets/train/Ekran-goruntusu-2024-04-17-191639_png_jpg.rf.4d5112698643c0cf415490c3057d5986.jpg,133,29,598,518,365.5,273.5,465,489
datasets/train/images-3-_jpeg_jpg.rf.4e2ceb313a51b9ec55635c8c2cb394ff.jpg,5,42,617,635,311.0,338.5,612,593
datasets/train/shiny-light-circle-frame-with-yellow-foliage-png_107791-17134_jpeg_jpg.rf.4fb84e082c0ccad673223eb8980d62aa.jpg,155,113,481,510,318.0,311.5,326,397
datasets/train/images_png_jpg.rf.4cd8465db8813145ded4397da6c5d7c5.jpg,26,24,611,609,318.5,316.5,585,585
datasets/train/Ekran-goruntusu-2024-04-17-191746_png_jpg.rf.4f6c19c34dabc10afb8a3ffc35a32505.jpg,153,63,597,572,375.0,317.5,444,509
datasets/train/1200px-Red_circle_frame_transparent-svg_png_jpg.rf.500bef4dd0ba63d89810612a26f600d0.jpg,0,0,639,639,319.5,319.5,639,639
datasets/train/images-5-_jpeg_jpg.rf.4e85f6bf501b273b7e0f7d3ee34afd4e.jpg,156,124,447,469,301.5,296.5,291,345
datasets/train/AdobeStock_605576981_Preview_jpeg_jpg.rf.50c33554093d5130147204cf3f500784.jpg,18,34,612,617,315.0,325.5,594,583
datasets/train/Ekran-goruntusu-2024-04-17-191730_png_jpg.rf.4dbffc563eea7507a041ce94240def50.jpg,43,155,624,637,333.5,396.0,581,482
datasets/train/black-circle-thin-icon-download-9_png_jpg.rf.50516ffd5095d186944f7f49e96fda85.jpg,1,0,638,638,319.5,319.0,637,638
datasets/train/cable-reel-calculator-spool-calculator-drum-calculator-16_png_jpg.rf.4fa04a8b13874da3899d528fd0459c19.jpg,87,272,329,603,208.0,437.5,242,331
datasets/train/Ekran-goruntusu-2024-04-17-191658_png_jpg.rf.507b98737702dfa7f498b4756e201338.jpg,0,32,532,523,266.0,277.5,532,491
datasets/train/photo_16_2024-01-11_19-36-40_jpg.rf.4f5dde9d59d0ec3803c058e8978c859b.jpg,154,223,250,357,202.0,290.0,96,134
datasets/train/1024px-Red_circle-svg_png_jpg.rf.516ff89040f3aa376cd185c6978766d5.jpg,12,11,627,627,319.5,319.0,615,616
datasets/train/frame0_jpg.rf.4ed7406850a35afea0b1257d76eee051.jpg,170,307,576,504,373.0,405.5,406,197
datasets/train/realistic-golden-frame_23-2149229676_jpeg_jpg.rf.52fb4740a5d8ab74c9862b1b2d0795bf.jpg,121,112,556,549,338.5,330.5,435,437
datasets/train/images_jpeg_jpg.rf.4f8b5e5f992eefba97857ff882fb10dd.jpg,0,88,638,544,319.0,316.0,638,456
datasets/train/png-transparent-circle-turquoise-circle-blue-angle-sky-plc-thumbnail_png_jpg.rf.530c0e20f6d07b4bc8be0277e9eea485.jpg,30,18,597,634,313.5,326.0,567,616
datasets/train/Ekran-goruntusu-2024-04-17-191658_png_jpg.rf.52e5b91fe961cd430ec6e4884d0b63da.jpg,102,43,625,515,363.5,279.0,523,472
datasets/train/images_jpeg_jpg.rf.521b78617e8969f8db3ccce486d8e351.jpg,105,1,538,637,321.5,319.0,433,636
datasets/train/Image_227_jpg.rf.5211f32a4b923152fc4ef5e42f0bd418.jpg,19,14,491,627,255.0,320.5,472,613
datasets/train/Image_227_jpg.rf.5211f32a4b923152fc4ef5e42f0bd418.jpg,475,415,632,621,553.5,518.0,157,206
datasets/train/photo_6_2024-01-11_19-36-40_jpg.rf.5247ded1e339a16b7dbd3623624406c9.jpg,243,188,443,460,343.0,324.0,200,272
datasets/train/photo_6_2024-01-11_19-36-40_jpg.rf.5247ded1e339a16b7dbd3623624406c9.jpg,1,364,174,580,87.5,472.0,173,216
datasets/train/photo_6_2024-01-11_19-36-40_jpg.rf.5247ded1e339a16b7dbd3623624406c9.jpg,528,367,639,640,583.5,503.5,111,273
datasets/train/photo_6_2024-01-11_19-36-40_jpg.rf.5247ded1e339a16b7dbd3623624406c9.jpg,104,71,239,253,171.5,162.0,135,182
datasets/train/circle-vector-outline-icon-isolated-260nw-1211322610_jpeg_jpg.rf.52ed9f3cefdeb10588819f30547bf5a6.jpg,183,127,541,512,362.0,319.5,358,385
datasets/train/images-12-_jpeg_jpg.rf.52bc3e915651b40515ce754e1ad258b5.jpg,33,40,613,599,323.0,319.5,580,559
datasets/train/images-1-_png_jpg.rf.53331271947603f54fb2e77d4260a403.jpg,157,114,479,527,318.0,320.5,322,413
datasets/train/frame225_jpg.rf.566f65b278e8a94836ebb84f544d541e.jpg,47,331,370,511,208.5,421.0,323,180
datasets/train/Tangent-to-a-Circle-3_png_jpg.rf.5245bbc282d47d46d04759730fcca876.jpg,197,110,419,546,308.0,328.0,222,436
datasets/train/indir-3-_jpeg_jpg.rf.5353600970d16fc8c6bc25f8c7423e39.jpg,24,25,609,625,316.5,325.0,585,600
datasets/train/indir-3-_jpeg_jpg.rf.520712f1a900aad4d2840cd00b6d1af9.jpg,14,25,615,610,314.5,317.5,601,585
datasets/train/2749-png_860_png_jpg.rf.54041586cc2e8d67dfd0dda425d26758.jpg,45,85,558,583,301.5,334.0,513,498
datasets/train/Image_148_png_jpg.rf.5352f362821229821e5326edbc6e4515.jpg,49,50,564,589,306.5,319.5,515,539
datasets/train/images-12-_jpeg_jpg.rf.56b1e417ca96c083238a09a816ce3d61.jpg,30,36,620,601,325.0,318.5,590,565
datasets/train/Image_188_png_jpg.rf.542183442d7c2d79534c3bfacc15df67.jpg,16,54,588,621,302.0,337.5,572,567
datasets/train/blue-circle-point-at-the-center-dashed-line-connecting-center-point-to-outer-edge-labeled-22r22_png_jpg.rf.553c042f5edd05d694215b4dcf091508.jpg,33,33,613,616,323.0,324.5,580,583
datasets/train/realistic-golden-frame_23-2149229676_jpeg_jpg.rf.543f95911ab9f9755521aea00a33a026.jpg,112,84,549,519,330.5,301.5,437,435
datasets/train/7287_png_jpg.rf.56aa31570d8adbc6cb109ee96e01d780.jpg,44,42,594,594,319.0,318.0,550,552
datasets/train/images-2-_jpeg_jpg.rf.534db2985065fd586dca2595c232b397.jpg,40,29,598,582,319.0,305.5,558,553
datasets/train/875-8755826_euclidean-circle-vector-border-circular-free-photo-banner_png_jpg.rf.504de19a2ba401b77229885e1fe0b16e.jpg,30,37,608,602,319.0,319.5,578,565
datasets/train/Tangent-to-a-Circle-3_png_jpg.rf.564021db63ccfb45e2af569add04efa0.jpg,94,197,530,419,312.0,308.0,436,222
datasets/train/red-circle-download-png-6_png_jpg.rf.5644fa485e2e2c7a21cd913826b89540.jpg,18,22,617,619,317.5,320.5,599,597
datasets/train/png-clipart-computer-icons-arrow-symbol-circular-angle-text_png_jpg.rf.578041d1c9f3b0de426afc11eba1ed54.jpg,140,47,500,590,320.0,318.5,360,543
datasets/train/circle-vector-outline-icon-isolated-260nw-1211322610_jpeg_jpg.rf.539436b32e3bdc35da237895af16ebcd.jpg,99,132,460,519,279.5,325.5,361,387
datasets/train/images-5-_jpeg_jpg.rf.56f68808c7fcdfd4d4c891141c717b03.jpg,181,151,456,479,318.5,315.0,275,328
datasets/train/circle-1-01-2_png_jpg.rf.541aca1450dd56f19d5152af6ae63dc4.jpg,175,21,379,614,277.0,317.5,204,593
datasets/train/circle-line-grunge-transparent-27_png_jpg.rf.5767cdea8b47c02977b72008855bf5dc.jpg,0,2,639,640,319.5,321.0,639,638
datasets/train/images-2-_jpeg_jpg.rf.57315a986f3c2378d66508ce1684d0bc.jpg,40,29,599,583,319.5,306.0,559,554
datasets/train/Image_177_png_jpg.rf.57d0cacf5ad01215b6008a3f7562de36.jpg,124,123,515,514,319.5,318.5,391,391
datasets/train/circle-grass-frame_png_jpg.rf.555da316258041057cc6eb0108c23fc9.jpg,148,146,493,492,320.5,319.0,345,346
datasets/train/images-12-_jpeg_jpg.rf.5716e99fb47277af3aa96d25156ce00b.jpg,36,20,601,610,318.5,315.0,565,590
datasets/train/cable-reel-calculator-spool-calculator-drum-calculator-16_png_jpg.rf.58182e5d8558a859e910c75d5f51acff.jpg,298,33,549,359,423.5,196.0,251,326
datasets/train/images-6-_jpeg_jpg.rf.573296cc1718e484ec2d036599018029.jpg,0,87,638,550,319.0,318.5,638,463
datasets/train/images-4-_png_jpg.rf.57d3f9404c589c900ddb7ae7e10294ba.jpg,103,93,578,562,340.5,327.5,475,469
datasets/train/large-blue-circle_1f535_png_jpg.rf.57acb02d81face818f3b6168f2e7c1be.jpg,157,233,481,408,319.0,320.5,324,175
datasets/train/png-clipart-computer-icons-arrow-symbol-circular-angle-text_png_jpg.rf.5835d5de0b3694e4875cb88356a75faa.jpg,47,140,590,500,318.5,320.0,543,360
datasets/train/frame0_jpg.rf.57e1be431c400b191a0b1c886c544d7f.jpg,307,64,504,470,405.5,267.0,197,406
datasets/train/indir_png_jpg.rf.57a73ff4c864cc5e3e663155512875b9.jpg,38,38,599,596,318.5,317.0,561,558
datasets/train/images_jpg.rf.582a3fc9db8eeb04f525e2e9c8023511.jpg,156,124,484,516,320.0,320.0,328,392
datasets/train/photo_4_2024-01-11_19-36-40_jpg.rf.583fc213cc761ff31cb60866ae8410e8.jpg,183,211,352,457,267.5,334.0,169,246
datasets/train/1645884606_9-kartinkin-net-p-krug-kartinki-9_png_jpg.rf.59fb21109e7b71c449244887416fc29e.jpg,15,16,626,625,320.5,320.5,611,609
datasets/train/-15-_png_jpg.rf.58c413cdef3e5271a6e425bb981b9aa6.jpg,131,190,349,493,240.0,341.5,218,303
datasets/train/dark-transparent-realistic-shadow-circle-260nw-1783538855_jpeg_jpg.rf.5c0b4e9eb260de30966bf232110fbdc7.jpg,115,120,479,510,297.0,315.0,364,390
datasets/train/images-3-_jpeg_jpg.rf.58246c46be86152920a1c3dc8a8d1553.jpg,5,5,598,617,301.5,311.0,593,612
datasets/train/512-5124576_round-circle-png-round-circle-pic-png-transparent_png_jpg.rf.5c4af374740a8aeeb3aa11405f891cd6.jpg,43,21,614,619,328.5,320.0,571,598
datasets/train/images_jpeg_jpg.rf.5c96ca8e8aa2bd927f858c7735e8da7e.jpg,84,0,534,634,309.0,317.0,450,634
datasets/train/Image_24_png_jpg.rf.596e32fa03ed96260676976c7ac553b6.jpg,24,21,619,572,321.5,296.5,595,551
datasets/train/Image_237_png_jpg.rf.590fdc4485fb79d847e1d8a49191f1f7.jpg,54,53,585,585,319.5,319.0,531,532
datasets/train/Ekran-goruntusu-2024-04-17-191746_png_jpg.rf.5d1305b482b9a17156a3c2cf3355477e.jpg,63,43,572,487,317.5,265.0,509,444
datasets/train/Tangent-to-a-Circle-3_png_jpg.rf.5b50c09a9474bb189118d40942d745b2.jpg,220,94,444,530,332.0,312.0,224,436
datasets/train/indir-1-_jpeg_jpg.rf.5b353c162fa5f48c1627dcbf1c81f522.jpg,1,0,637,637,319.0,318.5,636,637
datasets/train/png-transparent-brown-ring-circle-icon-painted-orange-circle-watercolor-painting-angle-ink_png_jpg.rf.596c6bec38c6bb739a90555675b0d520.jpg,1,65,640,575,320.5,320.0,639,510
datasets/train/indir_jpeg_jpg.rf.5a50351e60c3e7abbd23fff8bf0985df.jpg,186,161,455,481,320.5,321.0,269,320
datasets/train/different-circular-arrows-black-color-260nw-1686576286_jpeg_jpg.rf.5d3ab8b475730cc0bd666726051edc86.jpg,37,31,148,186,92.5,108.5,111,155
datasets/train/different-circular-arrows-black-color-260nw-1686576286_jpeg_jpg.rf.5d3ab8b475730cc0bd666726051edc86.jpg,328,29,441,191,384.5,110.0,113,162
datasets/train/different-circular-arrows-black-color-260nw-1686576286_jpeg_jpg.rf.5d3ab8b475730cc0bd666726051edc86.jpg,180,28,292,184,236.0,106.0,112,156
datasets/train/different-circular-arrows-black-color-260nw-1686576286_jpeg_jpg.rf.5d3ab8b475730cc0bd666726051edc86.jpg,326,214,449,381,387.5,297.5,123,167
datasets/train/different-circular-arrows-black-color-260nw-1686576286_jpeg_jpg.rf.5d3ab8b475730cc0bd666726051edc86.jpg,37,214,152,373,94.5,293.5,115,159
datasets/train/different-circular-arrows-black-color-260nw-1686576286_jpeg_jpg.rf.5d3ab8b475730cc0bd666726051edc86.jpg,488,28,600,184,544.0,106.0,112,156
datasets/train/different-circular-arrows-black-color-260nw-1686576286_jpeg_jpg.rf.5d3ab8b475730cc0bd666726051edc86.jpg,180,215,295,373,237.5,294.0,115,158
datasets/train/different-circular-arrows-black-color-260nw-1686576286_jpeg_jpg.rf.5d3ab8b475730cc0bd666726051edc86.jpg,37,402,152,560,94.5,481.0,115,158
datasets/train/949c8b47f89e2822f930f0b4689b0822_png_jpg.rf.5b7fb7afda29cb426a53eb84a15862f0.jpg,29,28,610,611,319.5,319.5,581,583
datasets/train/indir_jpeg_jpg.rf.5d31bdb9ed1d89c848df7288701a74fc.jpg,186,159,454,479,320.0,319.0,268,320
datasets/train/frame304_jpg.rf.59b22e8b3490637a4a05e26ea44b7389.jpg,278,129,569,638,423.5,383.5,291,509
datasets/train/1645884618_4-kartinkin-net-p-krug-kartinki-4_png_jpg.rf.5ec0f2b84e00f2c23e19e7daf4327248.jpg,26,24,616,613,321.0,318.5,590,589
datasets/train/png-clipart-computer-icons-arrow-symbol-circular-angle-text_png_jpg.rf.5c50f683d1203b1bbce98e4335400f30.jpg,47,140,590,500,318.5,320.0,543,360
datasets/train/images-4-_png_jpg.rf.5d50c47b31d7cb0f4e71b8b2095b04dc.jpg,93,58,559,528,326.0,293.0,466,470
datasets/train/images-4-_jpeg_jpg.rf.5ed6d0d836ddfef655288539ab347e00.jpg,69,28,522,614,295.5,321.0,453,586
datasets/train/images-10-_jpeg_jpg.rf.602e4503ef81620924b9d249a323baeb.jpg,65,56,593,584,329.0,320.0,528,528
datasets/train/-21-_png_jpg.rf.5d0f2955da3018ffb1f553d242da0ab2.jpg,55,6,313,378,184.0,192.0,258,372
datasets/train/images_jpeg_jpg.rf.605cb4c14fdf76ec623ee6a79db06d07.jpg,107,0,591,638,349.0,319.0,484,638
datasets/train/Image_189_jpg.rf.5f5d6a95fcc4ea93ba26126204d1a45c.jpg,0,0,639,639,319.5,319.5,639,639
datasets/train/images_jpeg_jpg.rf.5f3c8eee6221b0cb7dd1e99ff62e5817.jpg,107,1,538,635,322.5,318.0,431,634
datasets/train/images_jpeg_jpg.rf.5dbf44e24102018cd4443ec301ee7f00.jpg,1,102,635,533,318.0,317.5,634,431
datasets/train/frame302_jpg.rf.608dfdb1634d3ab7bb198f30f0f5bdb8.jpg,285,138,578,638,431.5,388.0,293,500
datasets/train/indir_jpg.rf.5c61204d07d8f0ca768cc68b6e61541f.jpg,22,69,618,572,320.0,320.5,596,503
datasets/train/frame363_jpg.rf.5f0ca7ffec06548cd73f1cf3fb622aff.jpg,176,339,361,638,268.5,488.5,185,299
datasets/train/images_jpeg_jpg.rf.643b46d4c2dcf3163f8ae2a257ea7416.jpg,107,0,591,638,349.0,319.0,484,638
datasets/train/images-4-_png_jpg.rf.63b047b052a2c63fd056e9d4a35346b7.jpg,91,80,583,579,337.0,329.5,492,499
datasets/train/Image_114_png_jpg.rf.62db5bbd5f551ae6acbe0a8d1911b03e.jpg,6,1,640,635,323.0,318.0,634,634
datasets/train/luetfC-red-circle-free-transparent_png_jpg.rf.6068935e9df230a7f9b06e6d2eb430ec.jpg,0,0,639,639,319.5,319.5,639,639
datasets/train/black-circle-thin-icon-download-9_png_jpg.rf.5d8ef9eb54c709629a2b7dec70911b0f.jpg,1,0,638,638,319.5,319.0,637,638
datasets/train/frame332_jpg.rf.639c4459eb4fcf08873e299741d85642.jpg,242,0,513,459,377.5,229.5,271,459
datasets/train/images-13-_jpeg_jpg.rf.623263be2c8e472e177ece2e678332df.jpg,101,91,538,527,319.5,309.0,437,436
datasets/train/Image_130_jpg.rf.5fed1e8a01d9d65fa8f627c5841ca464.jpg,26,0,605,579,315.5,289.5,579,579
datasets/train/1645884606_9-kartinkin-net-p-krug-kartinki-9_png_jpg.rf.6481f9e078f14cb9307cedf53ff7f4dd.jpg,16,14,625,625,320.5,319.5,609,611
datasets/train/indir-5-_jpeg_jpg.rf.64ad2264f191c4c23f4cad4786689fdb.jpg,69,81,551,561,310.0,321.0,482,480
datasets/train/home-about-bg_png_jpg.rf.648261eb5da0da9ff9a1a792376c61a2.jpg,133,21,615,420,374.0,220.5,482,399
datasets/train/home-about-bg_png_jpg.rf.648261eb5da0da9ff9a1a792376c61a2.jpg,0,375,304,629,152.0,502.0,304,254
datasets/train/Ekran-goruntusu-2024-04-17-191658_png_jpg.rf.637e4c95ff39888e1acc1a15b4075fc2.jpg,122,16,593,532,357.5,274.0,471,516
datasets/train/38132628268e7a56ef5f77b79aa957b5_png_jpg.rf.6487773d5520398c1e23aafad53ae9df.jpg,136,72,504,568,320.0,320.0,368,496
datasets/train/large-blue-circle_1f535_png_jpg.rf.6581708756d8ec50f475f04bde319d14.jpg,224,160,416,479,320.0,319.5,192,319
datasets/train/shiny-light-circle-frame-with-yellow-foliage-png_107791-17134_jpeg_jpg.rf.6142582600b8933c7f87e7eb795e8b25.jpg,105,136,565,488,335.0,312.0,460,352
datasets/train/indir-3-_jpeg_jpg.rf.6308f3ba43447153a898465b695c0b67.jpg,24,25,609,625,316.5,325.0,585,600
datasets/train/photo_6_2024-01-11_19-36-40_jpg.rf.64753ab36066967155266f6e3111663b.jpg,180,243,452,443,316.0,343.0,272,200
datasets/train/photo_6_2024-01-11_19-36-40_jpg.rf.64753ab36066967155266f6e3111663b.jpg,60,1,276,174,168.0,87.5,216,173
datasets/train/photo_6_2024-01-11_19-36-40_jpg.rf.64753ab36066967155266f6e3111663b.jpg,0,528,273,639,136.5,583.5,273,111
datasets/train/photo_6_2024-01-11_19-36-40_jpg.rf.64753ab36066967155266f6e3111663b.jpg,388,104,569,239,478.5,171.5,181,135
datasets/train/Image_129_png_jpg.rf.65465337bd590255d11104cce305f170.jpg,53,55,584,586,318.5,320.5,531,531
datasets/train/images-5-_jpeg_jpg.rf.63d9c64412674247ee8b9f4cb9e54382.jpg,161,181,489,456,325.0,318.5,328,275
datasets/train/Tangent-to-a-Circle-3_png_jpg.rf.6508b23a2deddc4b2951f5572eebed28.jpg,117,209,546,449,331.5,329.0,429,240
datasets/train/images_jpeg_jpg.rf.6695295e22338af3d1a5829a95476503.jpg,84,0,534,634,309.0,317.0,450,634
datasets/train/1645884554_11-kartinkin-net-p-krug-kartinki-11_png_jpg.rf.663d144d9c02cfc2589731c42c39ab27.jpg,26,51,605,607,315.5,329.0,579,556
datasets/train/images-4-_jpeg_jpg.rf.65e3d914ca214afa86077ec8e4e72a91.jpg,1,57,619,537,310.0,297.0,618,480
datasets/train/large-blue-circle_1f535_png_jpg.rf.65b715ad532d936ba8294bd5ce370fd1.jpg,215,166,424,471,319.5,318.5,209,305
datasets/train/images-4-_png_jpg.rf.65ef6fb5ed4be97e92e9cb11da693096.jpg,100,106,547,558,323.5,332.0,447,452
datasets/train/Ekran-goruntusu-2024-04-17-191639_png_jpg.rf.002232ab20ecfd2b8a218d6706fb7e7c.jpg,124,133,612,599,368.0,366.0,488,466
datasets/train/Image_244_png_jpg.rf.00954730068712c6e110dbdff915edee.jpg,46,85,568,572,307.0,328.5,522,487
datasets/train/Image_142_png_jpg.rf.02b2bc2d5561dc8f6215e616dd234d78.jpg,42,18,587,613,314.5,315.5,545,595
datasets/train/indir-1-_jpg.rf.030a7679fbd89cd11fdfbef5c26f9451.jpg,56,54,581,587,318.5,320.5,525,533
datasets/train/steve-smith-Zvvu4zRKijE-unsplash_jpeg_jpg.rf.0338a4f587562dbdffb4fc9fdd7a842d.jpg,193,162,619,377,406.0,269.5,426,215
datasets/train/c1282df2d016d473a4fe0a9337965b11_png_jpg.rf.021ac7c9c5707394c3689368e5ff686e.jpg,138,72,504,569,321.0,320.5,366,497
datasets/train/images-4-_jpeg_jpg.rf.00aa624f3328cd81decb78c5b897794a.jpg,25,67,612,522,318.5,294.5,587,455
datasets/train/images-10-_jpeg_jpg.rf.02328e7849616d254a12acf88d5884b2.jpg,56,65,584,593,320.0,329.0,528,528
datasets/train/indir-2-_jpeg_jpg.rf.035d645433bf0267e173517692c58c91.jpg,31,0,608,632,319.5,316.0,577,632
datasets/train/images-1-_jpeg_jpg.rf.0341a594426ba1bbb42ec89a317a176d.jpg,70,138,561,463,315.5,300.5,491,325
datasets/train/1645884647_44-kartinkin-net-p-krug-kartinki-45_png_jpg.rf.04f91383bf32326bef349d833be2f509.jpg,2,1,640,638,321.0,319.5,638,637
datasets/train/images-3-_png_jpg.rf.0488dce5e95ec72a42482bd919dda91d.jpg,14,13,629,627,321.5,320.0,615,614
datasets/train/images_jpeg_jpg.rf.04960a37c83c79cd3d8d4b6201c0aaef.jpg,1,102,637,535,319.0,318.5,636,433
datasets/train/png-transparent-circle-red-stickers-magenta-shape-internet-1-_png_jpg.rf.05b4a4f0350cd561359e266a753de547.jpg,80,59,562,578,321.0,318.5,482,519
datasets/train/1645884691_45-kartinkin-net-p-krug-kartinki-46_png_jpg.rf.060435a51a436ddf62c97683e4db8568.jpg,1,0,638,637,319.5,318.5,637,637
datasets/train/indir_png_jpg.rf.03c239f1a92a3c4d808aa7fc7b0623b5.jpg,25,36,600,616,312.5,326.0,575,580
datasets/train/lovepik-black-circle-border-png-image_401217970_wh1200_png_jpg.rf.03984f22d5780c823489dc9a19f18812.jpg,52,57,592,580,322.0,318.5,540,523
datasets/train/photo_18_2024-01-11_19-36-40_jpg.rf.07d932d31f1b54da14467ae8ce09c85e.jpg,260,162,499,474,379.5,318.0,239,312
datasets/train/indir-3-_jpeg_jpg.rf.08c9e546cf07b54fe50e0c20e618c8f4.jpg,26,26,609,625,317.5,325.5,583,599
datasets/train/Ekran-goruntusu-2024-04-17-191550_png_jpg.rf.03c037286308489ab7c8b9d2604e03e1.jpg,2,76,626,480,314.0,278.0,624,404
datasets/train/photo_4_2024-01-11_19-36-40_jpg.rf.07f3ac074ea5caca6c3ab3a3dcd15050.jpg,183,211,352,457,267.5,334.0,169,246
datasets/train/indir-1-_jpg.rf.07e27a049a73a2b55444bd54027257fa.jpg,53,56,586,581,319.5,318.5,533,525
datasets/train/images-3-_png_jpg.rf.03f5bc0bbe6b78dd91d1420c0adab902.jpg,16,13,629,626,322.5,319.5,613,613
datasets/train/png-transparent-circle-circle-education-science-green-circle_png_jpg.rf.09b812716f2dbb100c263e7261040cb5.jpg,97,77,543,561,320.0,319.0,446,484
datasets/train/Ekran-goruntusu-2024-04-17-191730_png_jpg.rf.086feb493d9cc25677374940f4c129fc.jpg,42,0,622,603,332.0,301.5,580,603
datasets/train/images_png_jpg.rf.062b48916c4b5d82b2ea9b830f2d7d80.jpg,26,29,611,615,318.5,322.0,585,586
datasets/train/d0d931ac43baf78e8b0c90b7aa52a098_jpeg_jpg.rf.057f739a6b7268b3d780ea697c21059f.jpg,110,99,541,531,325.5,315.0,431,432
datasets/train/images-13-_jpeg_jpg.rf.03c8c130f899923fb2c0ded0cb92d2b0.jpg,106,98,551,545,328.5,321.5,445,447
datasets/train/png-transparent-brown-ring-circle-icon-painted-orange-circle-watercolor-painting-angle-ink_png_jpg.rf.07cf86f4152ba957e67f785543f4ccef.jpg,1,66,640,575,320.5,320.5,639,509
datasets/train/photo_20_2024-01-11_19-36-40_jpg.rf.062129ac4626e4b5576eb3f8e5a28a26.jpg,92,21,567,639,329.5,330.0,475,618
datasets/train/-34-_png_jpg.rf.07d3a0a4d144faba7b2d6a13cdd19bdf.jpg,46,349,582,594,314.0,471.5,536,245
datasets/train/images-4-_png_jpg.rf.06b4b74f751f621840ec498cbcbf0790.jpg,112,93,582,559,347.0,326.0,470,466
datasets/train/949c8b47f89e2822f930f0b4689b0822_png_jpg.rf.0abe4cd07dc287211a03b7e6d3cf4865.jpg,31,29,611,611,321.0,320.0,580,582
datasets/train/-8-_png_jpg.rf.0810b2e69fc2e2779c3dbf9427e8c3f3.jpg,324,253,478,467,401.0,360.0,154,214
datasets/train/different-circular-arrows-black-color-260nw-1686576286_jpeg_jpg.rf.0a542be0594d230ceefe0715c5b19c9a.jpg,453,39,570,198,511.5,118.5,117,159
datasets/train/different-circular-arrows-black-color-260nw-1686576286_jpeg_jpg.rf.0a542be0594d230ceefe0715c5b19c9a.jpg,488,223,605,383,546.5,303.0,117,160
datasets/train/different-circular-arrows-black-color-260nw-1686576286_jpeg_jpg.rf.0a542be0594d230ceefe0715c5b19c9a.jpg,347,250,465,408,406.0,329.0,118,158
datasets/train/images-10-_jpeg_jpg.rf.0b9f2f20bc5c8014ae567567fd3b6117.jpg,58,58,576,575,317.0,316.5,518,517
datasets/train/Ekran-goruntusu-2024-04-17-191658_png_jpg.rf.0c7a7a30469fcb2334ccb9e337227fb1.jpg,20,121,535,591,277.5,356.0,515,470
datasets/train/images-5-_jpeg_jpg.rf.0af29b8da4467c6d000adebb3dd84a51.jpg,165,138,524,438,344.5,288.0,359,300
datasets/train/indir-1-_jpeg_jpg.rf.094ce9a965bea558be0cd2b59c43309b.jpg,3,1,634,635,318.5,318.0,631,634
datasets/train/kirmizi_daire_jpg.rf.0cdba68d06e7c5c2fee070cd205439c9.jpg,2,1,640,638,321.0,319.5,638,637
datasets/train/1645884554_11-kartinkin-net-p-krug-kartinki-11_png_jpg.rf.0d256ee6ec46b36297d4f194bd8e71e7.jpg,26,51,605,607,315.5,329.0,579,556
datasets/train/images-5-_jpeg_jpg.rf.11d5de560b4ddd834e2128b5e4f22b4c.jpg,177,158,456,491,316.5,324.5,279,333
datasets/train/Ekran-goruntusu-2024-04-17-191639_png_jpg.rf.0ea78ff67600ef70576cf5cb10e63cc0.jpg,29,41,519,508,274.0,274.5,490,467
datasets/train/arquivo-de-corte-topo-de-bolo-circular-arcos-floral_jpeg_jpg.rf.0e8b1a27d15520114290c108f57f7ee8.jpg,153,449,413,634,283.0,541.5,260,185
datasets/train/arquivo-de-corte-topo-de-bolo-circular-arcos-floral_jpeg_jpg.rf.0e8b1a27d15520114290c108f57f7ee8.jpg,29,170,251,326,140.0,248.0,222,156
datasets/train/arquivo-de-corte-topo-de-bolo-circular-arcos-floral_jpeg_jpg.rf.0e8b1a27d15520114290c108f57f7ee8.jpg,457,86,621,210,539.0,148.0,164,124
datasets/train/arquivo-de-corte-topo-de-bolo-circular-arcos-floral_jpeg_jpg.rf.0e8b1a27d15520114290c108f57f7ee8.jpg,260,165,470,316,365.0,240.5,210,151
datasets/train/arquivo-de-corte-topo-de-bolo-circular-arcos-floral_jpeg_jpg.rf.0e8b1a27d15520114290c108f57f7ee8.jpg,21,10,224,155,122.5,82.5,203,145
datasets/train/arquivo-de-corte-topo-de-bolo-circular-arcos-floral_jpeg_jpg.rf.0e8b1a27d15520114290c108f57f7ee8.jpg,244,5,459,161,351.5,83.0,215,156
datasets/train/arquivo-de-corte-topo-de-bolo-circular-arcos-floral_jpeg_jpg.rf.0e8b1a27d15520114290c108f57f7ee8.jpg,273,330,448,457,360.5,393.5,175,127
datasets/train/arquivo-de-corte-topo-de-bolo-circular-arcos-floral_jpeg_jpg.rf.0e8b1a27d15520114290c108f57f7ee8.jpg,433,407,627,549,530.0,478.0,194,142
datasets/train/indir-1-_jpeg_jpg.rf.0e15e7dee7ff0e66faa249b1e6aa64d8.jpg,1,7,636,637,318.5,322.0,635,630
datasets/train/1024px-Red_circle-svg_png_jpg.rf.0f5946ade8c60d0058eb6db6c04c2b8a.jpg,11,13,627,628,319.0,320.5,616,615
datasets/train/AdobeStock_555784659_Preview_png_jpg.rf.0f3495a9a628661b3062a7779a5d1fc8.jpg,0,1,639,640,319.5,320.5,639,639
datasets/train/shiny-light-circle-frame-with-yellow-foliage-png_107791-17134_jpeg_jpg.rf.0caca11b687fb4af0109c4e838507ee5.jpg,113,159,510,485,311.5,322.0,397,326
datasets/train/images-7-_jpeg_jpg.rf.0f6a2edae824c1eeba2d360150011140.jpg,2,75,640,538,321.0,306.5,638,463
datasets/train/indir_jpg.rf.0f8255e60c74e3fc4c6d6426a8908731.jpg,73,18,567,620,320.0,319.0,494,602
datasets/train/-28-_png_jpg.rf.0f14aa19d6cdfa09a0b9427d5e3f29e8.jpg,327,67,595,513,461.0,290.0,268,446
datasets/train/Image_244_png_jpg.rf.0f5629773a10d9a5cb2eeb528c0f09bd.jpg,68,46,555,568,311.5,307.0,487,522
datasets/train/indir-5-_jpeg_jpg.rf.0db87666a9593005a0e797f1d91e0210.jpg,60,95,560,597,310.0,346.0,500,502
datasets/train/images-2-_jpeg_jpg.rf.0d2675e4a8ed36fb280c49e8df1e893d.jpg,29,41,583,600,306.0,320.5,554,559
datasets/train/Ekran-goruntusu-2024-04-17-191639_png_jpg.rf.0d1f42f5104a00cafa6e433393461a63.jpg,132,28,600,517,366.0,272.5,468,489
datasets/train/images-4-_png_jpg.rf.0edc6a5224906d5ba3d7b062fe844b67.jpg,106,93,558,539,332.0,316.0,452,446
datasets/train/indir_jpg.rf.1287e4b6378fb35f1861968d68d11de7.jpg,30,69,613,573,321.5,321.0,583,504
datasets/train/1645884606_9-kartinkin-net-p-krug-kartinki-9_png_jpg.rf.11db18a00c11dd5cf880c32f72f9a817.jpg,16,14,625,625,320.5,319.5,609,611
datasets/train/frame341_jpg.rf.0e4a258f08cabb727d0b7f5c3416be98.jpg,375,0,638,318,506.5,159.0,263,318
datasets/train/png-clipart-circle-oval-tree-green-circle-leaf-grass_png_jpg.rf.100293f822811714621489962bb99568.jpg,27,13,612,623,319.5,318.0,585,610
datasets/train/steve-smith-Zvvu4zRKijE-unsplash_jpeg_jpg.rf.12bb37ad2af3e1767f21b57ba94ea2e5.jpg,162,21,377,447,269.5,234.0,215,426
datasets/train/Image_188_png_jpg.rf.12055875f4ca461e569deb672c20a404.jpg,54,52,621,623,337.5,337.5,567,571
datasets/train/images-12-_jpeg_jpg.rf.12fa3d921bd750500def9a187c82bc8b.jpg,31,28,629,636,330.0,332.0,598,608
datasets/train/Ekran-goruntusu-2024-04-17-191639_png_jpg.rf.122f9dabffbc0886979d693e485e2b9a.jpg,132,29,599,519,365.5,274.0,467,490
datasets/train/Image_147_jpg.rf.0dc134fd9fd3caf065131f8e20068471.jpg,104,76,539,404,321.5,240.0,435,328
datasets/train/cc471efd3a9cb9e7a8980eb20a346efc_jpeg_jpg.rf.14ede009b611b48c3b9aa58b35b1342d.jpg,67,72,567,564,317.0,318.0,500,492
datasets/train/images-5-_jpeg_jpg.rf.1781a8c1174f577d6b86e5d4ab409d87.jpg,190,159,458,479,324.0,319.0,268,320
datasets/train/images-1-_png_jpg.rf.16cc256f01784337917a8a82cce79744.jpg,157,108,480,523,318.5,315.5,323,415
datasets/train/Ekran-goruntusu-2024-04-17-191658_png_jpg.rf.13b8979671b1211352035a0ddf1fc836.jpg,102,43,625,515,363.5,279.0,523,472
datasets/train/c1282df2d016d473a4fe0a9337965b11_png_jpg.rf.1468bc938e234a0fe6d937b0dc073156.jpg,139,71,503,571,321.0,321.0,364,500
datasets/train/images-13-_jpeg_jpg.rf.14bb7a55faa1a16a6a8b5bdc26390457.jpg,100,90,539,528,319.5,309.0,439,438
datasets/train/AdobeStock_680079320_Preview_png_jpg.rf.159558d6b885733d5795581d6d105e2d.jpg,125,124,515,514,320.0,319.0,390,390
datasets/train/Image_223_jpg.rf.155e4e82e70a7bcf49a61315d1a73465.jpg,20,64,594,615,307.0,339.5,574,551
datasets/train/images-3-_jpg.rf.175aacdb1ff44a843ce724d01d2120dd.jpg,111,34,530,607,320.5,320.5,419,573
datasets/train/xSvrSI-circle-transparent-picture_png_jpg.rf.1527e7314e1e5251145abe3784159501.jpg,5,4,633,634,319.0,319.0,628,630
datasets/train/yolo-yon_png_jpg.rf.121ccb1915c9c75de2877dcb1168212e.jpg,169,53,597,453,383.0,253.0,428,400
datasets/train/images-2-_jpeg_jpg.rf.137d2a289298e0abbe90b093989bb861.jpg,41,30,598,582,319.5,306.0,557,552
datasets/train/photo_20_2024-01-11_19-36-40_jpg.rf.1871c49b308f06df07382f6b534e602b.jpg,2,92,620,567,311.0,329.5,618,475
datasets/train/indir-1-_jpg.rf.19849d5e5575b851f1382ed8ee811d3a.jpg,52,56,589,584,320.5,320.0,537,528
datasets/train/frame259_jpg.rf.16b0e57e47188e1519d87a62cee48912.jpg,312,0,586,465,449.0,232.5,274,465
datasets/train/indir_png_jpg.rf.18db7f03407242b3c2e96ae7d08cb700.jpg,38,38,599,596,318.5,317.0,561,558
datasets/train/Ekran-goruntusu-2024-04-17-191550_png_jpg.rf.14be8fb773c98d1acf400c6157dd777c.jpg,160,2,564,626,362.0,314.0,404,624
datasets/train/Ekran-goruntusu-2024-04-17-191658_png_jpg.rf.18ba73d35f7abaaa82bdda0577263470.jpg,121,105,592,620,356.5,362.5,471,515
datasets/train/images-1-_png_jpg.rf.191b384ccffa429aa24c941bfda7de9a.jpg,106,109,565,465,335.5,287.0,459,356
datasets/train/png-clipart-blue-circular-frame-border-blue-round_png_jpg.rf.17924031dc65f8feed99a6443fc22ec1.jpg,2,176,624,466,313.0,321.0,622,290
datasets/train/images-1-_jpeg_jpg.rf.1aa8f129b01b18b5fb514d4438f7a538.jpg,177,70,502,561,339.5,315.5,325,491
datasets/train/large-blue-circle_1f535_png_jpg.rf.18ed194c46b32c8ed96ac3e4b62c96f3.jpg,232,157,407,481,319.5,319.0,175,324
datasets/train/Image_24_png_jpg.rf.19c50a05e12f253e545e075cb06bd0ad.jpg,68,24,619,619,343.5,321.5,551,595
datasets/train/images-4-_png_jpg.rf.1bb7d912d30dee528428f7a5142b5fc7.jpg,106,93,557,539,331.5,316.0,451,446
datasets/train/Image_129_png_jpg.rf.198cd412392b0cd3b2cdd2308c61a49c.jpg,56,54,587,585,321.5,319.5,531,531
datasets/train/images-10-_jpeg_jpg.rf.1b5af384b196b670cdca2a0b22ae4625.jpg,62,65,582,584,322.0,324.5,520,519
datasets/train/indir_jpg.rf.19bea5e63515c616494e6877786e3690.jpg,73,18,567,620,320.0,319.0,494,602
datasets/train/images-12-_jpeg_jpg.rf.1d1f12eb66797db6f5c5cb3df4166522.jpg,36,20,601,610,318.5,315.0,565,590
datasets/train/AdobeStock_605576981_Preview_jpeg_jpg.rf.1d551bbd22bf1d320ce933bc84f5339f.jpg,34,28,617,622,325.5,325.0,583,594
datasets/train/pngtree-ink-brush-round-ink-border-png-image_4682098_jpeg_jpg.rf.1cafbd81dc25b528bc99eee4769207b1.jpg,103,93,559,543,331.0,318.0,456,450
datasets/train/138-1389216_gold-wreath-png-calcador-para-costura-circular_png_jpg.rf.17419c4103d2036f51a03d459f5e0816.jpg,72,37,569,601,320.5,319.0,497,564
datasets/train/2048px-Red-circle-svg_png_jpg.rf.1bd32efea8956fb88069f926f39fc999.jpg,82,80,560,559,321.0,319.5,478,479
datasets/train/gold-circle-shape-label-logo-design-element-frame-brush-abstract-wave-transparent-background-illustration-png_png_jpg.rf.1e8104367c5a98bb198cf0a8cef38079.jpg,47,51,592,589,319.5,320.0,545,538
datasets/train/38132628268e7a56ef5f77b79aa957b5_png_jpg.rf.1e1cab2fb55a93b5cc384ee2d29cfb42.jpg,139,69,500,569,319.5,319.0,361,500
datasets/train/indir_png_jpg.rf.1e4f9c29139aefc6760ac6231209c7de.jpg,33,13,624,600,328.5,306.5,591,587
datasets/train/images-6-_jpeg_jpg.rf.1d949ef2fc426a96bddee4a2dd000c46.jpg,107,1,540,638,323.5,319.5,433,637
datasets/train/images-2-_jpeg_jpg.rf.1b5fdd823e5ccee1f62a89423da8dcc8.jpg,40,29,598,582,319.0,305.5,558,553
datasets/train/indir_jpeg_jpg.rf.1bf963eee4642205bbe4fc4efcd5ee03.jpg,182,160,451,482,316.5,321.0,269,322
datasets/train/png-transparent-circle-red-circle-orange-wikimedia-commons-sphere-thumbnail_png_jpg.rf.1e23001e93613b73c44a49f45addc4d6.jpg,1,0,637,636,319.0,318.0,636,636
datasets/train/photo_7_2024-01-11_19-36-40_jpg.rf.1f469cf172b74329e644569c6883513c.jpg,228,127,524,519,376.0,323.0,296,392
datasets/train/Ekran-goruntusu-2024-04-17-191639_png_jpg.rf.1e4e14e4686e825df127ef6149c89a11.jpg,123,132,612,600,367.5,366.0,489,468
datasets/train/indir-3-_jpg.rf.1cc742debb4e93529d728e794f05c171.jpg,1,2,637,630,319.0,316.0,636,628
datasets/train/949c8b47f89e2822f930f0b4689b0822_png_jpg.rf.1e7d2dad24cb8b22d81fa9dbbfeca326.jpg,29,31,611,611,320.0,321.0,582,580
datasets/train/1645884607_36-kartinkin-net-p-krug-kartinki-37_png_jpg.rf.1ed3c7e2fd1cb10294ffa2155ebd0f6e.jpg,2,1,640,638,321.0,319.5,638,637
datasets/train/indir_jpeg_jpg.rf.1e7744e81bfbf36d9ddc7cca1ed7e7c2.jpg,144,188,476,467,310.0,327.5,332,279
datasets/train/indir_jpg.rf.21211d0f2356bd30bc97aa5531e9e8e4.jpg,67,30,571,613,319.0,321.5,504,583
datasets/train/images-1-_png_jpg.rf.1fe71122f2f29dbbf92ab3db2ff66929.jpg,157,108,480,522,318.5,315.0,323,414
datasets/train/red-color-circle-sign-icon-260nw-1707237499_jpeg_jpg.rf.1f02560bfa821230d74ad0274f5175c7.jpg,102,142,455,506,278.5,324.0,353,364
datasets/train/images_jpeg_jpg.rf.1f8d95fffaed2ae74a6a49152a1c3aa1.jpg,0,88,638,551,319.0,319.5,638,463
datasets/train/9972876148786_jpg.rf.216c41b841da78ebfaf05083b6df041e.jpg,0,0,639,639,319.5,319.5,639,639
datasets/train/circle-line-grunge-transparent-27_png_jpg.rf.1d98dd010b6b47c8f13307629faa00d5.jpg,0,0,638,639,319.0,319.5,638,639
datasets/train/indir-1-_jpeg_jpg.rf.1f72ac9dc91a26bea21ba69754d483ad.jpg,1,0,638,638,319.5,319.0,637,638
datasets/train/images_png_jpg.rf.1fd759fe47ff64f28dc2a0b41c34ae4f.jpg,27,30,610,614,318.5,322.0,583,584
datasets/train/1645884651_43-kartinkin-net-p-krug-kartinki-44_png_jpg.rf.1fe2bc72ecee80051046e44fbd07d634.jpg,0,2,638,639,319.0,320.5,638,637
datasets/train/Ekran-goruntusu-2024-04-17-191639_png_jpg.rf.1ec5a8e3ceb24fc1135ebe7732fd8cb8.jpg,101,122,625,624,363.0,373.0,524,502
datasets/train/png-transparent-circle-circles-blue-logo-grey-thumbnail_png_jpg.rf.20eb0bf0e3456a9648e8edce432e4f43.jpg,0,1,638,640,319.0,320.5,638,639
datasets/train/images-5-_jpeg_jpg.rf.23582d1420385246aa73a3442eff6a98.jpg,149,177,482,456,315.5,316.5,333,279
datasets/train/indir-5-_jpeg_jpg.rf.1eb3cb669c8ae40b8149b549dc56f1b5.jpg,95,80,597,580,346.0,330.0,502,500
datasets/train/png-transparent-circle-circle-education-science-green-circle_png_jpg.rf.2248d6ef098aa544c76fdbb9c9b8a1c9.jpg,74,105,570,534,322.0,319.5,496,429
datasets/train/-14-_png_jpg.rf.23a3bc1eeb33021712a8d6ab51108276.jpg,152,65,457,294,304.5,179.5,305,229
datasets/train/luetfC-red-circle-free-transparent_png_jpg.rf.23cd6cbc38702a03c5eb8f9b5f313778.jpg,1,0,640,639,320.5,319.5,639,639
datasets/train/vector-bright-splashes_2065-436_jpeg_jpg.rf.241166fc674165e09154c5283f94a993.jpg,118,150,502,551,310.0,350.5,384,401
datasets/train/images_jpeg_jpg.rf.253ce4bf3d5ef98d8d3f9d500beb6f0e.jpg,102,3,535,639,318.5,321.0,433,636
datasets/train/1645884677_62-kartinkin-net-p-krug-kartinki-66_png_jpg.rf.24aed4760ff0d4a5f0b36a7f4d316128.jpg,1,0,638,638,319.5,319.0,637,638
datasets/train/images_jpeg_jpg.rf.25f542750ff6bbfa716957d9371f1245.jpg,98,1,535,640,316.5,320.5,437,639
datasets/train/png-clipart-circle-angle-circle-angle-white-thumbnail_png_jpg.rf.25b22dccd1e484ae81d21170ef25f2f3.jpg,119,88,578,546,348.5,317.0,459,458
datasets/train/2749-png_860_png_jpg.rf.24dc0bea68830652b1e2c267ecd92999.jpg,57,45,555,558,306.0,301.5,498,513
datasets/train/images-3-_png_jpg.rf.24c206164e55968eba862d46d628c756.jpg,11,14,624,627,317.5,320.5,613,613
datasets/train/images_png_jpg.rf.218fc33bad43585bac69cb11905fedda.jpg,26,29,611,615,318.5,322.0,585,586
datasets/train/png-transparent-circle-circle-education-science-green-circle_png_jpg.rf.2527614b9ef579dae45ac8bacd3b7efd.jpg,97,77,543,561,320.0,319.0,446,484
datasets/train/indir-1-_jpg.rf.27ed0dbc34a162050dbbd050b5fa4afb.jpg,53,56,586,581,319.5,318.5,533,525
datasets/train/1645884651_43-kartinkin-net-p-krug-kartinki-44_png_jpg.rf.282f981b87424cfb81dea59aab037a06.jpg,1,0,638,638,319.5,319.0,637,638
datasets/train/photo_6_2024-01-11_19-36-40_jpg.rf.25f29d20d6d91149a1cea28215f61689.jpg,180,243,452,443,316.0,343.0,272,200
datasets/train/photo_6_2024-01-11_19-36-40_jpg.rf.25f29d20d6d91149a1cea28215f61689.jpg,60,1,276,174,168.0,87.5,216,173
datasets/train/photo_6_2024-01-11_19-36-40_jpg.rf.25f29d20d6d91149a1cea28215f61689.jpg,0,528,273,639,136.5,583.5,273,111
datasets/train/photo_6_2024-01-11_19-36-40_jpg.rf.25f29d20d6d91149a1cea28215f61689.jpg,388,104,570,239,479.0,171.5,182,135
datasets/train/yolo-yon_png_jpg.rf.24ab7af9f7daabfda61ab002bf560c56.jpg,169,53,597,453,383.0,253.0,428,400
datasets/train/indir-1-_jpeg_jpg.rf.26c4a274085a71d32087855be91b9069.jpg,1,0,637,637,319.0,318.5,636,637
datasets/train/png-transparent-circle-red-stickers-magenta-shape-internet-1-_png_jpg.rf.268b0f9fdab4f258b52d3189f498ba5d.jpg,44,101,596,543,320.0,322.0,552,442
datasets/train/640px-Circle__28transparent_29_png_jpg.rf.2732b9aebb8e70bf3ebb70a63d28a9bb.jpg,0,0,639,639,319.5,319.5,639,639
datasets/train/images-3-_jpg.rf.26dff694b81221dbff6011930e07161e.jpg,35,108,605,529,320.0,318.5,570,421
datasets/train/512-5124576_round-circle-png-round-circle-pic-png-transparent_png_jpg.rf.27648eefc1cb8f22eaf1b424eafb25b0.jpg,21,26,619,597,320.0,311.5,598,571
datasets/train/images-5-_jpeg_jpg.rf.285a20b8e4f1ebcc5c3976ea694ef9a6.jpg,159,186,479,455,319.0,320.5,320,269
datasets/train/images-12-_jpeg_jpg.rf.27853030dbca8a31f592c614f97a4384.jpg,46,29,598,601,322.0,315.0,552,572
datasets/train/images-6-_jpeg_jpg.rf.2910adffe0cbdb88eef5e06fede2964b.jpg,100,2,533,639,316.5,320.5,433,637
datasets/train/images-12-_jpeg_jpg.rf.295be76833486938837e07e3774d74e1.jpg,24,23,633,604,328.5,313.5,609,581
datasets/train/Ekran-goruntusu-2024-04-17-191730_png_jpg.rf.2833dab51d30aa9da3b5127f11be5751.jpg,155,16,637,597,396.0,306.5,482,581
datasets/train/png-transparent-circle-circle-education-science-green-circle_png_jpg.rf.28fd146f4fac0d1f2476d9f7484c7d3f.jpg,79,97,563,543,321.0,320.0,484,446
datasets/train/Image_24_png_jpg.rf.21e6c789738655ff2147fc136c606c76.jpg,21,21,572,616,296.5,318.5,551,595
datasets/train/indir_jpeg_jpg.rf.2a62122d864a9301b16ef194cc0e92fa.jpg,159,186,479,455,319.0,320.5,320,269
datasets/train/1648498201_44-kartinkin-net-p-raznotsvetnie-krugi-kartinki-45_png_jpg.rf.2a20810fa9b478cd0c7cef8d1a963d03.jpg,27,25,611,583,319.0,304.0,584,558
datasets/train/circle-1-01-2_png_jpg.rf.29a6b723ce1171eb428deaa950ce5232.jpg,21,261,614,465,317.5,363.0,593,204
datasets/train/images-1-_png_jpg.rf.2980ed6186f38bce4d6a1a021da80ed1.jpg,106,109,565,465,335.5,287.0,459,356
datasets/train/images-5-_jpeg_jpg.rf.29a9783646013ccbde32ef2e7f3190d6.jpg,124,193,469,484,296.5,338.5,345,291
datasets/train/kirmizi_daire_jpg.rf.292e2dfd46d2eb035a5b3dbf20efe806.jpg,5,2,636,637,320.5,319.5,631,635
datasets/train/d0d931ac43baf78e8b0c90b7aa52a098_jpeg_jpg.rf.2ac260e188d11403a3f1ca03c4d049f8.jpg,109,110,541,541,325.0,325.5,432,431
datasets/train/png-transparent-circle-circles-blue-logo-grey-thumbnail_png_jpg.rf.2a04fb154c598bbf76d73d5d480243b5.jpg,0,0,639,638,319.5,319.0,639,638
datasets/train/Ekran-goruntusu-2024-04-17-191658_png_jpg.rf.2880557eb49ed677183bee46c16e22d8.jpg,0,32,532,523,266.0,277.5,532,491
datasets/train/images_png_jpg.rf.2b4ac1ddbae01352648cd344c9b1aaa5.jpg,24,25,621,624,322.5,324.5,597,599
datasets/train/307-3076277_green-leaves-grass-circle-vines-in-a-circle_png_jpg.rf.2d564d24a4a9683d55ce0f0c94ae29cf.jpg,29,44,611,598,320.0,321.0,582,554
datasets/train/images-3-_png_jpg.rf.2b34a2ba7ceffec135e9ffb1994faec7.jpg,13,11,626,624,319.5,317.5,613,613
datasets/train/png-transparent-circle-red-stickers-magenta-shape-internet-1-_png_jpg.rf.2aa690101bf7ea34d2735f751092aace.jpg,42,102,599,540,320.5,321.0,557,438
datasets/train/images-4-_png_jpg.rf.2c543fef3b1d9ace4dc5cae1b678691e.jpg,61,91,560,583,310.5,337.0,499,492
datasets/train/frame302_jpg.rf.2adc616f8b6457c448c8c8f1e0e0a73d.jpg,138,62,638,355,388.0,208.5,500,293
datasets/train/dark-transparent-realistic-shadow-circle-260nw-1783538855_jpeg_jpg.rf.2c01345063cbba663f905f10297923b3.jpg,130,115,520,479,325.0,297.0,390,364
datasets/train/indir_png_jpg.rf.2b68eba6b8df46d3be15a8a77677b77b.jpg,38,37,601,598,319.5,317.5,563,561
datasets/train/indir-1-_jpeg_jpg.rf.2d250c723206730d6d0819b45e72286c.jpg,2,1,640,638,321.0,319.5,638,637
datasets/train/7287_png_jpg.rf.2e0577805f2e5119a5db9bb1f7821561.jpg,46,44,598,594,322.0,319.0,552,550
datasets/train/images-2-_jpeg_jpg.rf.2dde113b4dc9ee8f3527fc407085a2b8.jpg,29,42,582,600,305.5,321.0,553,558
datasets/train/1645884606_15-kartinkin-net-p-krug-kartinki-15_png_jpg.rf.2dc302fb38abb8df997584cf45cacf5c.jpg,13,11,629,628,321.0,319.5,616,617
datasets/train/indir-3-_jpeg_jpg.rf.2c092cfa787dbc94cbac59a744e8d95c.jpg,1,6,638,637,319.5,321.5,637,631
datasets/train/indir_jpg.rf.2e021c3f5364dde71b4002556461791a.jpg,20,73,622,567,321.0,320.0,602,494
datasets/train/dark-transparent-realistic-shadow-circle-260nw-1783538855_jpeg_jpg.rf.2c34b6552b7e628927c223a5fc49ca08.jpg,115,120,479,510,297.0,315.0,364,390
datasets/train/f05d133985f94889b3fb760ee737748c_png_jpg.rf.2f75ef7cd42dc95c52d8f138a45466df.jpg,78,138,563,509,320.5,323.5,485,371
datasets/train/Ekran-goruntusu-2024-04-17-191658_png_jpg.rf.304d028ce09cc2ac7789a39360f8b81b.jpg,122,105,591,620,356.5,362.5,469,515
datasets/train/Ekran-goruntusu-2024-04-17-191746_png_jpg.rf.2e32e58caf0b3e85a8535ab2f13ad2de.jpg,21,71,501,620,261.0,345.5,480,549
datasets/train/frame414_jpg.rf.2fbdede5fa18e0bbb8a7bda875e1abc0.jpg,87,70,226,307,156.5,188.5,139,237
datasets/train/9972876148786_jpg.rf.2fe95387daa7d5e6d103ce2b820e7e8c.jpg,1,13,638,629,319.5,321.0,637,616
datasets/train/1645884619_25-kartinkin-net-p-krug-kartinki-25_png_jpg.rf.2b73f81d9cc241d58f57c483b23d28e6.jpg,8,7,631,630,319.5,318.5,623,623
datasets/train/f05d133985f94889b3fb760ee737748c_png_jpg.rf.30ac993a9701a19a9922690ac5936d85.jpg,138,77,509,562,323.5,319.5,371,485
datasets/train/large-blue-circle_1f535_png_jpg.rf.3040eb9db9a3884d19853a2a9c87716a.jpg,156,234,483,407,319.5,320.5,327,173
datasets/train/1645884742_70-kartinkin-net-p-krug-kartinki-76_png_jpg.rf.315c0785f145455cc7616b5a1b4ee599.jpg,0,2,638,639,319.0,320.5,638,637
datasets/train/indir-3-_jpg.rf.2dc327c3a66e91d8a7c89657b7ed9f13.jpg,6,0,640,636,323.0,318.0,634,636
datasets/train/images-3-_png_jpg.rf.2f685bd4c1c40f2b4447b0dced6cdebf.jpg,13,11,627,626,320.0,318.5,614,615
datasets/train/indir-1-_jpeg_jpg.rf.303d28ad318278c10f9ff91f639a9491.jpg,1,0,638,638,319.5,319.0,637,638
datasets/train/images_png_jpg.rf.31755db725146e014fb71d48e0a7c6f9.jpg,26,24,611,609,318.5,316.5,585,585
datasets/train/1645884618_4-kartinkin-net-p-krug-kartinki-4_png_jpg.rf.2f58d2a37748738a2d84df459079f983.jpg,27,26,616,616,321.5,321.0,589,590
datasets/train/Image_147_jpg.rf.32264fcaf098c7524a4d5a046ca4c26a.jpg,104,76,539,404,321.5,240.0,435,328
